000110010001000010000000
001101110011000001000000
010001100100000000100000
110011011100000000010000
000100011001000000001000
001100110111000000000100
010001000110000000000010
110011001101000000000001
100100010001100000000000
011100110011010000000000
011001000100001000000000
110111001100000100000000
100000000000000000000000
010000000000000000000000
001000000000000000000000
000100000000000000000000
000010000000000000000000
000001000000000000000000
000000100000000000000000
000000010000000000000000
000000001000000000000000
000000000100000000000000
000000000010000000000000
000000000001000000000000
