0000111000111000111101000101110000011000111101001011100010101010000011110001001010101100011001101100011100110111110011010110001000000011001111110000100111111001001100000111101100001110010000001011000100010110110011100101100001001000111011011001100110010011
0101111110011110101101110100110000011110110011110001100101100000101111100010101111100000100101101000101001100111001000011010101110111010100101011000000011110001100000110111100110000010001100110100011010100011111010000111001000110011110001111100010010101101
0110010000101110010010100110000111000001001010110111011111001000001101110100110000101101101011100001101110010110011100100101000001101001101000101100101011010011100101110010011001110101000011111011000101001100000000100011000011110011110100100010101000010011
1000011010011000001000110100100001111101100100001110110001011011000001000011101110010000100011010101000001010110100100111011001111101100101011110101011010110001100110011100010111100010011010101000010011001000111110101110110000111000010011011101101111010001
1011111100000101101100001100001010111001010010110001000111001010111000001110111101010111100001000101001110010110001111111010000011111100100110101110110110101010101001110100000011100001000011011010011101000101101000001011000101111010101110101100000001101111
1100000100101001010110011100000000100000000101010001110100010110010010110111101000111000000011101110000101011000010010011100111001010100110100111111110010011100101011000001100001111000101001101011101101110111110011111010010000111010100001000001011100010000
1100101101101100011010111010000001001011001000100111111111101100110001101000000001000010110010011101100011000000010110101101001101111011111110010010110011110111111111011000111010100011100010011100110010111010100101101001010111010110111010110010111010000001
1000000101011000101101011100101011001000000010001100000000111100001010111011011110001111001110010001100111100010100110000101000111010011111101001100111100000111100100101000111100000010111111100001010000001100100001111100110001000001010000100011111010000000
1100100010001011101111111011010110010011100101001011000100011110110101000010101010110110101111110110000000010001111011011111101000101001000001110001101101010111001111000011000110011110111101010000010001101010000111011000110110001100011100101100001011001011
0000100001010100111111100100011010011110100111000000100000000111110011101111111100010110010111101111111111110000101010011010000100010100001010001100110110000101111101000011011000110100100110110001110100000110100010000110111101000001100010110101111110000010
0011100011000000110000100000100101101110111011101000011011000000100011100111110001011110100111011101100000010101001011000111000010101010100000111110111110010001010011110111100101100000101111011000100010011010000001010111111000011111100001101101111011000110
1100101100110001000000000011010000111000110111011011001111101111000110000011010110100001100100100010101100100110011111101000101011000101011101001010110101011110111100010011111111000110101100111011000110001011100011001110011100010111010010100011001110000010
0011100010001001000111000101001111000011000100101011110101110000011010000100110011010011011011010011110101001101110110100110111011110000000101001010111100101101011111010001001101111010110001100001000100000010111111001110100100000011001000100010101100100010
1111011110000110101011100011101100011101101110010101110001000101110001011100101101100101101110101111101001000000100100000110100001010100101110100011110000000110100110000010110100010100000001101111011011011000110000000001101011110001100011010010101010000101
1010011010001110010001110000111110010111111111000100100010010010111111010001001001101001101101010100000000111101010001010110001011110101101100101010101000101011100100100100100101111101111101110010101010101111101110110110101000000011111010100111000100110011
1111100001011100101111111100011010011100000000100001100100011101110101111010111111100110111000111011010111001010000001111101001000010100000100010111101111000011011100011010101101100000011011011111100111011111010110001010100101000001001110101101010101100001
0011101011101100100100110101010001101100000110011111111010000110010000101101011000100101100111100011000101010011100011001110101111011100111111100010001001001010011001111010101110011010100001101110101011110110000001100010110011010001110110101000010100110100
0111110101111111101111110111010101001101110011111111110111001101000000001000001100000111000010100001001011110000000001110011000010101010001100110100001110110111101010001111111110000100011100110000111101010000111110111111110110101010111011111100011100111111
0110101010100001110111111100111111011101011111110011100010000011010101010110110100101010100100011011101101000000010001101011001011010100010001100010011100110001110000011111110011010110101001101111001111111111100111101101011100010011011100100000001111000111
1011001010111001101000000001011010010001000000111100010010101101010101100000011101100101001110010100111001100010100110011000110011001010101101011110010000101001011100111000000110101101100100000011000000010100111011001101101010111100011001101100011110011010
1001000110111011001111110001111111111011100000011001110001000110010001001010111100011110110101111000100010100110000010000100011010111000100001100110111101011100000001000001010111011000000001100001100010111001111001000101110111100010111100100111000111100001
0110001011010111101010110000100110111010000000000111100011100001101010011011001110000111100101010101111101001100111011110000000101000111001111101100101011100101000001100111010111001101011010011110010001010001010101101010111010010100100000000010000100111000
0101000000111000010001100011001001101100000010111010101000001011001100101001111000011001010011010011111000111000010111000010110100111001100111010101010101011001011110010101100110100111010010010110000001111001101111010100110101110001010001000111010000011100
1001111101110010000011100110000000010001111101011000000110100101110011110100001001001100001001000001100000110110010101010000100011000011110100001001101110100111111110100010110110000111000110100111010010100110111001010101011011101011010000111100010110001101
1000010100110000001100111001100001000000111010100100101011110101001000101100110100100110100010011110010010110111110011111100111001111111001000011110101100111101101110111100011011000010111010110111111101101001111100110100100100110100100010011011001000000011
0000010111011101111000001111100100001000100011100100001011110010110110001101100000100000101000010101000010001111101111011100110000011100100111001000101110100100010111001111010111101110000110011011001000000100000111010111100011001101011011111100001111111010
0100101101110111111011110000101001101010010110000100101100001101111100101000010100101011010110011001010001111010011111011110000101100100000100111101100101100111111100011010100110101001001001001001101011110011001001100001111101010011001010001110111111010001
0101111011110010110110111010101000111001111100100011110001001100000110100000000111001001100001101000110101001001111000100111100110110101100010101000010001101101010110101001111100000110000000010010110101011010000011110101001001110110001000000110010100111101
0110101000111100101100001101010010111010010001001110000110111110011100001000000101111110110000111111101100111100101001000110010100000000101100001010001011101111100011100010111110100010010001010001010101010011111101010110100011000001010110010000100011101100
1000100101110111111110001111010110001100001011001100111010100110101101111000100010111011111011110111001001100000111000011001101010101100010000111101010010010000001001001001110010111101010101010010000100001100001100011011101111100010010001110111110001111001
0100111000100011111100010001000101001101010010101110101101000100000001110101010101110011010011110000000110010000111011110100000001000010010001011001101011100111010010000011011110110111000001111010001110000101010110110110100111000001100101110010101110100000
1111010011001011101100011011101100111101110000101101000000011101110010111101010000101000001110001101111011011110010111001110100111010101010101110011101011011000011001111111101110001010101110111000001101100100101000010101111010100101001111000000111101011101
1010011010100111110111000100011110100111101010110000001101100110000100100111101100100110110110001010111111011001101110101110000111000011111001011010110000001101100010111110101000111101000101110100000100101010010111100001011100011101011110010010000000100000
0011101010101001000110111000100110011110001111101000000100010000110110100010101110100010001000101110011000101111000010100010101011100001111000010110011010010100110101001010001101101011000011111001000110010110010110111101010101111111010001100101100100010000
0010101000110100001010101010110100011110000001100111001010100011000001110110010101110110010010000000111011110110001101100100000110001101010111110110000001001100000110101101110000110101110011101111110111000010111101100111000010100110111101100110100011001111
1001010111111100101110011110010100011110001001111101101100001001111000010111111100100011011001100100011010101010101000100110111000111110010111111000010011111101000001000011111011101000011011110101011111100110110110101111101001110010111011101101100001111101
1110100011111101110001111000011101101110100111100111111110001110000011000000000000101101101100000110111001110110110111010111001011011111101000100110100011001100011000110000001100001101110111110100011101001110110000100111010011001000011101110000011010110111
1010010010111101110110001001100001011100110010110011010010111111100000000010111110001011101101110000000010100000110101110001101111001100010011010010110010111110101000011100111000100111100110011001101111101100110011111000111101001010101100100110111010001111
1010001010000101001101010011111001011101011001001101000101111001001111100111101110010100110011101011110110000111101111101001111001010101111101001110110100000001000010010101000100001011010110101001110010111111000100000110011111010101111111000010100101100011
0110000111111010001010010100011010110011100011111110010001011110110001101101100110110111100010000100010110001111100111011101110010010001011001001001010111000101011001110100100010000001111000010111000011101000010110110011101011001011011100010110111111100000
1111010010101011110001001111011100100001010000100000110111110010010110000111100100111100110011100000011101000010100011001001001101111110011010111011000101111111000111010001100000111101111011100010110010101111011101011110110001000101011000101101101101001000
0011100110001010000110011111111011010010000010100001101000000001010011110000111111010010100111111100111001110110000010010100010111110000001100010001100111111100010111010111100101100000110110100101110100111011001011100011001000110011010001111110111101101000
1001010000001011110011010110011100110000010000011101000110111011000100100110111110100111011101100001011111001111001001010110000000001001000010111110100010010101010111100110100100111110011011001001011111000110100100110100110111010111000011101010010010110000
0110010101011100001111101001011011110011000001011000001010111001000011011001101101001111110000110101000101000110101001111111111111000101011100001010100001011110001111101011111110101101101001001001111011101101101100110000101100000011011100111000010001011100
1100001001011101000001000001001001001100100101110001010111000101010101110100100001110011000110100100101111110011001011100010111010100001001100001101111101111100101111110111000000000101110110110011111001000001101101011111000011111101011101111011101000000010
1001011000011000111111110000001110110000011100001100100000010111111101010011100001110110000001111010011110110001011110000110000010011000110110000111010111101110110000011011010110100010100110000000011101100110001110010010101011110100110111001100000100100000
0111111101000000111111111110001010010111011000010011001000010100111001101110001000111101101011010100010001111011011011011011100001000011111110001100101101011001001101110010010101010101101101001001000100000000100100000100001101010010110101000110000001101110
0000001001111011100111101000111001001110011110100111101000010001000010001101001001110010101010100011101011010000001010101010000010000001010111011101111110101110101000101111011111110001111101100110011100100110010110100111100011010100001001000111110010111001
0010011000101101000100100000011011010000101111011010101010101100010010110110101100100111001010101100001101101101001011111011000011110001111011100011011000101111101110011001010110100101110010101011111110101010101000111101010000000010010011111111101010011100
1111110000001110001100100011000101000010011101000010111010110001010100010011000100010100101101000110010111001101100100000100000010000010101010111011010001100011010100000000001100010101010111110001101011100000111100110110011110111011011110001111000001000010
1100101101000011001110010110110110101100010001000000110010110100101111011101000100000110111101111111100100101101100001001100000100101001010101011110000010100110101000111011011100101011111111101000100001011110000101000101000010000100000001010111101100101011
1000111101111000010010100001001101100011000111100111011010111100010101000000010011011001110100010001110011110001011100101110111011100011010101011110100001110100010100000111011101010000001110111100010001001110001110001000111101111011010001010011010011110011
1011101000010110010101101011010000000101000111111101111111010111011010110101010010001101101010000111011011010111010100111011011000110101001011101111010100010111000000010100000010110111110011000111001100110001001111110111111001010000111001101011110001111110
1110011011011000100000001010101000001100000000011101100111111001010111010100010101100011001010100011100001100110111110000011111000001011101000111101110111101001100110001110010001001010000001010011101110010011101111010101101111000101101010000011011111011001
1011110010011111101011011010011111010100001101111110011000011001001110000111110001110010001010010001101111101010010000100110001011110000000010001001001011000001101100100101110100110111001010001100010111011111010111001000010010011001000101101111101100101110
0010110010110010001001010111111111110001111001001011111010010000001011110000101011111010000011111100100100110000001100100111011110110111100101000100000010011101000111100000001001000001011000110001111100101101011110111100100101011001101101111001101000101000
0101110101111111000110110001110010101011001110011100001011000101010111000010011100010110011101111100011011011110011011001000100001001001010010100100000010100100011010101001011011011001100011101011110010101001001110010101011110101101001101010101101011101000
1100101010111101111011111100010010001010011001001111000110000110010001000001111000001000110010001110100111101001001100100100111111100101110001000001000101101011011110101011001000010011001101011111010101110001000101111111101111101100101101101100011011010001
1001110110001100101111111111010001010110110011101010101100011101100000011001011001001100000111111101011110011011100100100111000000101110010100110100101110111100101110011100101111110000001011101111000010010110001111010000101010110110000011110110100101101010
1011001100001111011010100111101101101011010101000101111110101110110000010001001100100111110011010110101011100011000011001100111111011011010100111101111110010100010011111101001000000100000110111101100111001010001010111110100001010111011100010000010011011011
1110110111111100101011110100000111011101100110101001000100111111010110100100101001101100100010010110011000111011010100000111110001111011110001110000011110111111000001100110101011001101100001010110100001100101000101101110000011100001110100000101100110001011
0110000101010000011001100000111110011010001101111010111000010011111011000101111100110110011101101011001000110000110010010001101001011010001011111111011001001111111010100110000011000100111011100011110000111110000001001101100101101101101011110100100111000000
1100100010110100010000101000110000101101000111111010001011010110000110000110111110011000000011111001000010001110011110111110101111110010001010010110010000111110010110110000100100011010010110000111000100101101010101110011000011110001111001101000111111000001
0111000010100111000011111000110010001111010001011111110101000101111010100100001011011001010000010000010000100000011101010011110010110110110001011111010100101000111001111111001101110001101101101111111111000111001010101100011100011000110010101001110000101011
1101111111101100010010011101110110000101010100110001010000011110100000010010001000100001101010010100011100001110110011100110011110010110000100100001111010010101000100000000001100011110101111000111111110110000010111110100100101100001111010101101100010010111
1000100000100011101010110010010001000101011100100110101010111100001010100111100001001100001000111011001110101101110111010111011001100000110001100001111011110101011110011110100111000110110011010001000111011101110100010101111000100000101001100011010110110111
0000110111000101011011101111100101010010010000010000011000000110011000010111001110001001010111010110001101011100100100100111011000110100000011100100110001110011101000010101111111011000111000101011100101011100100100110001110010001001010110111011001111011101
1000101100010111010011110110001111101101011010011110000001011011100110110110001000011111100101101011010011001111110001111110011001000100110010110110110100000101101001110010100001100110001001001111010000010001110011001010100111011011010011100101010000111110
1100001011010110011011010111111001100100101111111111011001001011100000110000100111011100011100100100101010010001010100011011110001111001111111111100111110101111011000111111000010000011110011101000011100001111100110110011111010101010001110110110001010111110
0011100000101010010110000000100001111101011001010100100110101011011101001010101111111010111111000100100011100111111111001110111101011011111000100010010101111100111110011100000100000001110111100111110001101110010100011011111001001011000101010100001000010001
0001000011111100000011011010010000110000110100010111100101110101011011010011011110001010001001001010110001101000000101111000110111000111110011100100010011100111010101100100100001000100001111000000000000011101010011010000010111011111011101111111011111011011
1101011111010001010010111100010001011000100001100011011001110101101100010100110111011110000111110001100000010100000111110111000000100011011110011111011001011111000011111110111110011011000100011010000101100110011011101111011110110101011110110001000000110110
1100100010101101010101010010010101011100001100100100101110110101010011000110011010000010111000101010000110110001110000010010100100011110110000100110101111110001010000011001111110001111100100011001000000101110000011100001011000111110011110000000101011111100
0001010110111001001100011011111101000101100010011110000100101011010101100111010010111100000000101110010110001010111101000101010111000001111100110001000010111100111010100001001011110101101111101101011111010010001000100001010001101101000100000100010101001111
1011010000101011001101101101010010101010101101001100110100001111111001001101111100100101001101011110101001011001101001011001100110111111110011110011011101000010001001010111001000001000011010001000001100011011111001011101000111001011101011000001000110001111
1001011011000100000101100100010011010010100011010110111010001100111111000001010011100111011011111100001111001100000110011110101100000011110000110001110000011101111111100110111010100011100001100110111111011001011110000010100100000010011111010001000000110001
1110110111010011010000110001000010011001000000000001011010110111111100000100100000000110111011010001010101110001001110010000010101111011101001010011111101000110000011111110100111011110011110000111010010100010111000001100011110010011111101110000000000000101
0110000000011110100010010100000101011101100101100000110100111110100101011001011110000111011010001111111101101010100010011000110110101110101101101111100101011101101110000101000100000101110010011011110111100001101101101001101001000111001100100001011111011000
1111101110010000110010111110101101000111001011110001100101101110101011001000100110011001101100011010000010111110110110100010000001101101001100010010110101000011001101110011101110101100101010111100001011101011100011010100001101110001111111001010010010000000
0101100001100110100001000010101001110000100101001010010101001110010001011111010101011100110001100011100111101000100100011001010110010001001001111110010100001011111110011101011100010000011001001100011000110000001011010000011000000100001111101111111011100000
0100001001010011101100010000011100100111101111101010010101001111101110010010011111101101000110111000101011100100001100100100000011101011011011001111000000101101100011100100111000101110010010010111011001110010001001110111011011111011000111011000001100100110
1000101010110110111101101000011110001011101011100001100111010100100111001100001001010101011111110001010100111010111011010011101111100000001010011000100111100111001101101101001000000011001110111111000001101111011101010011000111101011110010100010110101100011
1110000111111001110111110011010010001110100010010000100000011010100000111101011010111010101110100111110000100111100110111010111011100000000001110111010011101110011001100011111001111001100101001011100000101100110111101110111111001111000000000010100111111010
1111011001011000111110001011010111100010101000010101001001011011000001010000100011000010111111100011011000001011101100110110110110001001101000010010011001101111011100110111011001011000010010010000001101111000001001000111011100100110011010000001100110110101
0110010001100011000111101000001111000110110010100011001100011010011111111011011001001001100001011110000010100110111101010010111000100010110100100000010100101001100010000100011010110111000111110001101101100101001111101010000100101101000100011100001010110011
1010001010011011111000100010100111010111000100110100010110110010001110100101111101111010110011011110100110010100010010100001100000001010001000001011101001110111011010011101110101011001100011001011101000101101101000010011010000110011110111001100110001000100
1010011101111100000111010110001101010010100100100000010000000110010101010010111011101011110010011100001110001100001110101111101010110101101001111101111010010010011010010111100011100001101010001111011010000000101011101011011000010001011110100110010001000100
0000001000001011001001000011011110111001101110101011110001110111110001011000001001010010111100101100011001101100010101010010101011101111110011101110001100100111010000101001111011111101110101011111010101110101000011111111011010000101011111110001000110000001
1000111110010101100101011000100111011001100000001100101100001101111001000010011111011011100100000110001001110011111101010100010011101000000001101101001100111111010010110111101011111011010000110011001101101001100011110101011001011101111101110110011001101000
0000110101000001110101001001110101000000010000001101111101001010110011011100110101101001100110111000110101110110110001110010000101110010100100110010101011111010111101001011011000011110100010001111000000001011100011101111010010101110110000111001100111100011
1110101000000101100111011000001010100111010100011100000011010111000011111111001000010110110100001111000100000001111111010100010001000001111110000111111001000111110101011100100110100011111011000110110011010010100100110001101011011000100100100101001101100100
1101101111100100001110101100101011000000000001100111010010000000101001111111010001101001101011111110100111110110111001001001000011101100100110111001011101011010100001001001000010110011100100010100101001010101111010101011010001000000000110101011100000001001
1111010110110100111100000011111001100100100001111000110000101001010110111000100001000011011011110101100011011010000011010000110011011110011100101101001000101110111100100100011110111110111101101010100110011101010100100000110101010001001011001011001010101100
0111010111001101111000011101100010010010111101011010010101101001000010000011010111110101110001100000111111111101011001100100100111110111111011000101111011100111001011111011010110010110011010110010110101010101111110111000101101110001100110000100000111110111
0110000101011100111101101000011100000010100111111101001101011100110010100010001101000100011001110010010011001100011100010001000110001000001111000100111011000101011111000100100001100111111111001100010101010100010001110001011110001011101110110111100111000100
1001000001101011100100111111100100110100110000011111100110100110111011110101101111000110110011110001101001010000110011001000000011011110101110000110110110101000000100111001111110001010001111011010101001001111001001100010101100110001101001101010110110011111
1110001000100011100010010001010001101011011000111011000011100111111101101101110001010011000100110011100111111101010011101000010111110011101110010001010000101010110101010110001111101100010000001011101010110000001101000000101011000000010010011000000011010110
0100011011000110111100100100000000101010010101101100111100110110101100011101101110011100000111011100001010100011010000111011010111000000100011101001100100101000000110111101011100100001101100110111110111000010100010000000001001010000100110001110010001110010
1101110100100100000110101011011111101001111010011100101101111001110001110111001010101100111001011101010010100011111100010010110010110001001101011101010100001101001111010001011101011010000010000111000010001111000101010111001110110101101010111110100011001010
0000101011001100001000011100001110000010100010011101101010000001100001000100100110000101100001010001101100101011110100010001011111100011010011101010001010110000100100111100001011100100111111000110001111110110000111111011110010011011001111001100000110001010
1010001000001111010100000100010101011100010011000000100111001010011001010001111010010001101101111010111001100110010111100010100000011111101011000001100010000100011100010110010001010010001100101011000110011001000000101000011101000001100100111110110011100011
1101100000000000010000010011110100100100010110100000110101100111001000101011111101010000011001101100111101000111011111111010010010000011100111111001010010000010000001001010101001101101010011000010000100010100111100110110000101111010000111010110010001001101
1110100000000010001101110101100101001000100001001100100001100010101100110000110011100001000001110110111010100101001101100011000110001010110001110011011000110111100000101111101000000010000100001000000010101111111011001010100000100110111010011000100000111001
1101110110100011111010000101001000010010011011000010111111100010011011101100000111011111000100000010010011011111001011011111010011111101000011110111000010101000001100101100001001110001001000111011011001100110100001000100111110100001010111110010101110001011
1100110001000000110110101001011100000000001000101110100000101101111100010011010100110101101000001010101100000111010111001010000001110110010000011100011011000001000100011111010110011010100101010001100101000101101110011110111010010011110000111000101110010010
0100100000111000001000101111011001000101100111101100010001100010101010001011110111010001010001111110011011011110101101101100000100111100101110001010011001101010001000011101100101001111011100011110011000011100000000111101101001111111010011111111000110110101
0110100101000011011101001010101011111010001111000110100111111110101110000001010000111101000001111100001100001111000101001010001001101000001001000110011001000001111101000101101110111010110000100111110100100011101010110110001101111000010100000000001111110111
1001010010001101111111110000001001010000011100001000100011011000100100110110001001000000100101010000010101011000100011101101010011111001010110001101011000111011001011011001001011011011110011110011101101101110010110010010001000100110101010101100001101101000
0010101001010101111010001100001100010111001011001011001100110010110111100000110101001111101000000001111111000001010001010000011011111000101101001110011101110001110010010001011101100010010110110011101011011001000000001010100101001110010011011000001100110100
1110000101011010000110011100000100111010111111110000001010001100110010111110101010011011110001000110000100101001111101001000010100011110010111100101001001101000000110111100101000001111011000111010110110010101101010111011101001011100111010011101110010000111
0101001010111100100000110000110100100000101000111010010000010100010011110000001001000110100101110100110000101110000101101000100100101110001101111010110100000001011010001000101110011110001001100001100111100010101001111001000011011110111000000001111100111101
1000100100110100111111000100000010101010001110010100111010001001000010110100111011101010111111011011010011101001110111110100111011010111101001111000000011101000100000001111100010001110001111001110100101110110101000011000101010001001011111000110100010111011
1001000101001001011000000111010100100001001100100111101110111111000001000111001110111001011000110001000101101000011100100101000110010011010000101001100011000010000101110111111011100011101110000101011011110010010011101011101010011110101111001101101101010010
1010111100001011110101011011101101100101001110011110101101111101001100011110110110100110100101110010011010001101001011100000111110001110000101110101110010100000010000001011010011100100010010010011011000001000111100001100100000001011111011110001100010100110
1110010011110000010111011110001101101011010111010101111001100100011111001100000100111111110100001001010100101111011111011000010101011001101110111011100101001011010100100000101110110000011100001010010001101111110100010010110111010001110001111010110100111010
1011111110001011100111011011000100101000011110101000010010000111001011111111101111111011000011001111101000000010111011111000000110110100010100011101111110000100111001111011000110110010110111001100010100101001111000000011000001100001011001110111101101100010
0010000000011011100110001001010111101001000110000010100011000001100000100100011000000000010101110010011001001010010101001000111100100111000111000101011100101100001001110000110101011100110101111011110000110100000110010111010011100110001001100001111000101000
0101111110000011101011000100110000101010011101110001110011011101111101101010000000011011111011111111101110110100011011011111111011011110000010010010101011100011000000010000001011011100001010111011100110000101000110011000000001100000100001100010111011001101
0000010000101011100011010100111101001100110000101100110000010010101110111111000100010100101011011100101111111101010101000100101001001001100000110000110011011101010001011010111000100010000111101111101111101010001101001011100101010110010000110001001011101110
1111110101100111100000111100111110000011101111111010101000110001010110111110001101111110110110100011011011110110001111010010110001001010110110001101000100001000010101110100001111111101001111011111100110001011100010100101010111110000010110100001111111110101
0100011011101100110110111101001110001011011010011101011010101011000010110010011010100100010101111011011000001110011101011101110000001100010100100100110110001111010110001101001100101110100110000111011101101011010110011010110111011000110010111100011101111101
1101101110010110101010010001110010001000101000001101111100001001101010001011110011101111100010000111110100101110001100001000100001001111010111101110010010100111001010001001010011100110111101101110001100010101110010111000000000111101111011000001101000001001
0101110001001001100010111001010100000101000110110100110001000010110001010101100010010100110011001001111001010101111100000101010001111110100101110000100101001111110100010101101011011001010011001100111111011110110001101000110100101011111000001000111001100011
0100100100000100000110110100011100011110011110110000101100001000101101000001010011110011000101010101100011111110000010001000001100010100001101111110010111100110110001000011110000010011001010000001111110110100111101000011100100111110000101011000110101111000
0111001010110110000011001101010111101001111111101011100110000101101000010001010110011110010100000111011111111110100111110100011010111000000101011101100011010100100110110001101110010111101101010010110110000110100011100100110010011101000111100001000111100110
1110010100011101111100110100011100000010001111001001010001110011011011010010000001100000011010000010110111101000100101010001101011011100100100100100111010011011000001100010111011010010001100010000111101111001110000100001000110110110111010001011100111100101
1111101000101010110100100011011100010001010000110111001101000111101000101010001101100111101010110001100100000110001011101110011000100000011111110011100001111101010001101011000110011010111111110010101000101001000011011001010010111111010111011101011110100001
0101110111010001001101011000011101101000001110111001111000100010110010101001100000110100100110011100000000100000111011001000111010101000101100101001011011010111000100100011110110010110010100001011101001100011011011100000100101000110101111000100011000110110
1000101101001000111001101001101001000110010001000111001010111000101111100001000010100100100110101101011001110001011111100001010100001001001101001101100001101011001111000010111010000111110100000001101010101110001100100011010011110111111110110011000011110100
0101010011010101110010010001111011011000100101100100010111011110110100010000011111011010000100111000111100101110010000001100100000110011111111111110010111011010101101111110110101111110100111110011010101101011110111010001100101101010110111001001110001100111
1010101100011111110000000010111110000011011011110101100000001000110100110000011100100111010001100011011010100011101001111000010011010011001001101010000100011101011100110000110001010000110111000110000111010001111001001011001011110101011101100101000011111101
1101101101100000000010000110101110000101011100111000000010111100111100100111010111011000000011001110000111011100011001101101111101100001110101000110111100111101100111111101000110010001101011001110100010101010000100010011000010111011010000010000001000001101
0000101101110111011110101100100010100000000011000000101011111000000100111101100000001110101110101111011100111111010100000000100111001010001000011010000010000000000101011010111001001001101011110011000100010110010000100001000101100010011011011001000001010110
0100111001111001100011010010101101010111101000010101011000101100001110101101011110001001001110011000111011110001100111100000110111011110111101101101001111011110111110011111111001010101101001000110001001010000101001001101000101000111001110001011000110000101
1110011100101010011101011010100011000111011101000101100111010000000011011001110101101110101110010010000010110111001100000001000011011011101001000011001001111000011101010100110010001011010000110011010100001100011001111000001111111111101101000101110101111010
1101110101001101101100111001010101010010010000101011000100000010111100101001111011010000011111001101001110011111001111001101111000001011010111011001010011101110011110001110100110111111011111000010001110001001001111111001100011000101101110000100011010111111
0111110010010010101011000111010001110101011110001100111001111111110100111010111000110110111101000110101000101110000100011101010101000010111110001111011111000001011000011011100001110011010101000010101111101111111111000101011100110001110110111110001000000010
1100101001111101001101111000110111100010110001110001111111011110000110011000010001100011101011010100110011100110111101010100010001110010100010101101010101101100011101100111111100011111010101111010001000000000111011111111010110101011101100000111010001011001
0100101010111111111010101100010101111111111000000010001011011101101100001111000010111010100001111100110100111001110000010011111101101101101100011001001001111100010011000001100100010110110101000011101101111010000100110101110010111001101000111100101110010101
0100010010011000011111101101100010100011111011001101110000000100010110001000011110101111101111110101110101110000010011111100101100110100001110000011101011010001111001110110010011110001001011010011000011001010100000001100010100011110101101011001110110010010
0010000000101001100110111010110111001011010000100000100000011110110110110010010011011011101111101110000110011111111010101011100000110011100101011011100100010000000000111000000001101100101101110101011110000101010110110000111110001001100111111000010000000110
1000110100000000110100101100000101101101011110101000011001101010110001100011101100011000110101110001011110110001110110110100101011001100111110111101110000000101010101010000010011000011110000011001011011000101100111101011000010011011000101101100100100000001
1110000111111011111101100100011010010011000101001001000000000011100001100000010001111110010100110100101101110101100101101100011100011110001110010111101011010000011001001010101011110010110101000101010111110101010101010000111111111000000101000110101011101001
0000101111110011001010110001101100010010010010100101100001000100111000111001000100100000110111110000011101111001000011011110001111000011110100101111111111000001100001100101011100000011101001100100110010111001011111101110111101111001000010100010001111100101
1000000010000101000010000001000011100111001110100010111101010101110011110010111000001010101111101011000010011110000011010001000101101111111111001000101011110011100110011010101010010000011101001101101110101101101000111100011110111001001101010011000010100110
0110001001110110111011101111001001011100100110101111100110100100100100100001101001100100010011001000100101000111001010100000010101110001001000100110101010010011000101111100011011011110011010010001101111001111111101000001001011111010001000010011110101010001
0011001110011110101011110000000010111110001000011010001011010111100011100000010001011000001000010011111100001001001101000110101100111001000011011110011110111111001010000110101000101001110010110011001111001110111100001101110000100000111111011001111011000010
0111011010001010100111000100100010111010101101110000000010110100110111111011101011000100011000110011100111000110011101111011010010010111010001001000000001101110010111000001111011001111100100000100101010111000111001011011011001010000111011011000011101101110
1101011110001100100010111110010100100100001011111001110011110110110011111000000100001110101010001000100010001100110011010101110110001010011010001001101110111110010011001001000001010010101010111101000110000010010111111010001010011100011011110001011101000010
0011011011100001010000111101110011011111011110111110111001100010010110110010000111011100001001011111000100001011110000010001000000000011010111011011000111011000111110101010010101101111111000001010011000000011101110100111011011001111001001000011011110011100
1001101111011111010111111111010011000000001010001000111011010001001111111001110010110100000010101000000110101011001110000101011111110000101000100010110100010011100000100000101010010010110010100101100110011110001011101011001011010100001011010101110111110100
0111011110010110010000110101011010110010010000101101001101101110101101100111001011100110001010101010101111110010010110100000111000111010111011101111100100100000010000110100100000000000000101001000100001001110000100011001101011010000110111101000110010001000
1111101110111000101100100011101101101110010111101011111101100111111111011101111110010101110001010001100100111011001001010001010000100100111100010011110101111111011110001101100101100111011101100000011101110001010111001001110100001001010011011011111001011000
0111110110001001000011101010000000011000111101011011110110011111100111111001000000010111001111111010111110101101000100010010110101101111100110001100100000111101100011001111000001010110001011010000101111000101111010110110000010100011111110101010011000100101
0110111111111001110111110110101110010000110100100011000111110001100110000011011101110010100111010100100010110010100101101001111001101101010011001111110100000100000010000000100110010000001111000010101101010101101111011011111101110010111010110110010101000111
0000101011110011011001001001110000101000110011010111010000110001111110110100101110101010111100001110011100101001011100100001010011011011101100001111010000101011001100110001100101011011101001100010011000110010001000000001101101001101001110010111101101011101
0000000110111111001001001111110001010111001001011110001110000101110011001011101011001100010011110101100110110000001101101010001101000011010010101100100111101111100110101110100101011100111010001110101001011000000010101011011000010000101110011101001100011000
0001010111111010001001010111101111110010010001101000010000111110101001011010001000111111000001100011111000010100000100101010100101001000000100100000011100101001100010110001110111100111101101100000100000000100101100100010000001011110100000100000101000000110
1111010001111100000000010000000110111001110011101011111010100111100011100110001011101001001001110000111001100101111000110101100001100100010010111010001001111101110011000000100111001111001101101000101001001001011000000001000101101101011110100010010100011111
1001000010101110110000010000001001010100101011111110011100111110001010011010101111111001100110110010000010011001111101101001011101111110010000011001011010011011111101000110000010011100001101011100000000011010010000100110001011001100100010101100101111011111
1101000001110110010000010100010011011100010110100001011100110111000111000010111010001111000101001110100100011000101010010011111100110100111101000011100001011101010101101111001111011001001101001111101100010100100001111011011011001001011000001111000111101110
0100101010000111110100010001011010111100000111110110101000000111000100110010001111111011101000111011000110101011001100011110000000001100010111110100001001100001111011111001100101111111110111100001110001010011000111000101001101001001001001110110000010100010
0110000011011111010110110011111111101111100101100101001011110100001000001011110111011000101110011001011110001110000010111001110110000010011000011110111100101110011010010010001000111010100001110100110111010111000100011000001011111100011010011001100001011011
0111111001101110001010010001010111111010000000010001011100111000001001001100101000110100111001111100101110111111011100101111111000000000111101100101010110000110100110100011101011010101010000101111011011001111000001000000001111011111011001111111000101111110
0111101000110000101000001100000111101000100000110001000100001010100100100000101000111010100100101000000000000100111011010110011000101100001000000101110001000100011111001100110110110010110010111000111101000100101000001000110110100100001100010000110011100001
1101110010000100010000101001010101101111100010000000010001001001111100101000101100011110011000001101100011111100001110111101111110001111100001100001111010110000010110110101110100001101111111110011101000000111100111010001000100100110100000000111000011110010
0100111100100010101111100111001011011111010110100010001110001101111010100111001110100011010100000101010110011001000111011000010010011110001000001001111001001000000001110010001111100100000000110011010100011101110011001111001001001110011010001001000001010000
1010100111011101111000011010000111010110101011000000011000011101110101100110011110011010011001111110010100001001010001001101001001101001101001110000001000101011000000110100101101001100100110111000011110101100111001000110100100100100110001111111001101011011
1011110000011110101100001111001011110011000000011100111011111100111110000001000111101111001011011011110011101000110001111001011101010010001100100000001010110101011110010110000001001101001111010001110100010000110001110011110100111110110110111110011100011110
0111111011011010101100010101011100011100000010010011111110000011011110000001011100100010011111100100001001101111111100101101010001100010000111001000010111000100010001101101100110010110000011110000001001110001100000010111001011111011011010001000110000000100
1111110001101010001101101010010001100010011111001100111000010000001111011010001111100111000110011100011011101111000001100000100100101010010001100100011100010011000110111010101110001111100111100111111010010101100110100101011110101100010001001001100001111011
1101000011101111001001100001000100100011101001111011000111110111011011100110011000111111000111111011110101111001011001100010001100110110101000100111001111110010001010001001011001100001001010101010010001000100111001100001110100111100101111110011100111101110
0000101100110001000000111001110100110110011010010010101111111100100010001011100010100000011011100010011110010111111110101110111010011000011001000001001011001110000011001101000100001011110000100100001000001110001110011000100010101110101011010001101100011110
1011101110011110010101001111000011000011110101011001001101100000100101110010101011100001111100010100111011111001101100101000100111010000011110011110010011110111110110110111001110001111110001100111100010111100011100010111110110011001001001101100100010010101
0111101111001111111111000001111100110111011100111010101001001000001110100100010011000111100110110111011101010101100100001111100001101100010100000010010010100011011111010101010000011110010001101110100011101111001011101010001011001000011110000100100001010010
0110110001000001010000100010101101100011010011110110101010100010101001001111110010111001100101111010011110101111110110100110011000100101010110100010011011110000010110011000101010101110101101011010111110101100110110001101010101000111010010110010111100010011
1101000111100011111011011100110110111111111011110001111110110110101110001010010000001000111000010110111011011101111011000110101010010111100111000101100010111111101100111100101001011011101000111111110101000010100001011010100011001100101011000111010010011011
0110100111101001110000110010111000101000010110011010010101000000110100001111011100001001010011000010011000101101100100011000000011101111011011110110100000001100111010000100001000011111110010101010111101001010101001100110001110110110100110100010000001010010
0001101110011100010001111011110101111101010100111100010001010110111001000001101000010100100011000101001011101101001111101111000101110000010000000011010101101011011110010010011010110101010110101101000000100000000111101010000011001100100110110010000100000000
0010110101110110011000100010110010101010001011001001111000010001011101111101010000111011100011011000011110000100011111100100001010110011111110100011010100101100101001101101101000000011001000001110111111000110000101000111001001101100010101011100011100001110
1000000111001100011001101001011011001110111001001101000110100101100101101111111001111111010110001001010111110101010111011100010111101011111001001110010111011011110100011011110010011010100000110110100011101011101000011001001000110110001001011110011110011001
1110110000110000010110111111000010100101101001101010110111000000000110010111100111110000100111110011110100000001110001111010000001000110110111101111001101001100101001110000001001011011101001000100000011011001011010010100111111111011011101100000010000000011
0110111111011110110001000000111111111101010111101001100011000010111101100111010001100110010010100010110100101100111011011011011100101011001001001100000101111101111001100100010001001010000011100100011111110101000010100001010110011100001000111001011101011110
1000000001010110100011100001111011100100010111101110100100010000111011101100000110111000001111100110110010111001100110110000000001111010000100101011011100111001011110000100001101110011111011001000011000000100101000111100001111100011100101111110011100111111
0100110001001111010001101111011001100111110010010100000001010101101110101111100101010110000110101100111001000000110010011100001101011001000101111010101101110011001111101001000001000011001000110010001100100111010110111010001100100000000101111010000011001101
1101111010011101000110000100011000010010101001101010001100000110111001100011001111110011111110000001000000100101100010010111110010001110100001110111001010011100110010001000000010001110100011100101000111010000101010100011100100100001010100001110011000111010
1110110001000100100111010000110010010100010000111010100001000111110011100011100100101110010010001010111101111110100000100000001010100000010010010111010010001011111110111001110000110101100110100100001100110011001000000110100111001111001011110101101111101010
1000111001111100110101111100010110101011000111011010110101001101001110011001000111000011011101010010000110100000000000110010111001100100111111001010000000011010010100011010001101110101101000110110001001110010110100000001100101101111101000010010100011001110
0110111100010011111110110100101110100010101111010011000011101101001000101011100010110100110001010010111011101100100001101101000010101101110111011101011110001110001000001100001101100101101110010100000010011011110110011010000111001100111011011110101011011100
1010001010010100011110010111110100000101111000011110000001110100100000010111010101100010011111001111000001110000110000111010000010010100100101001100101000111110000011110101000001101110010000001100011001010100001101010001111010110010111100110111101110100001
0100101111111110011110100000011001111110010011100000010010101010110011010110010010000101000011110000000100110101100010101001001100011100010001101101100100010111001100100011101010111110101100110001101101101001111010100001100010111111000000000110111110010001
0111110100000101011111001011010100111011010001011010000011011000101000000100011010110110100010101001101100010010011110100011110001100000110101011011111010110111100010000110101101111101101100010111010000100001101011011100111001000000110001011011110100100010
0111000001000100111110011101100010011101101000101100001100001100000011110011110001101001110111011101101111101111000010011101111100000110011011111000101000110010001010110111111100010110110111111011010101110011001010011100101000111110010110101101001111101000
0011101101010011101110010101110100110011101111100011000001001101011111100011001011011011100111101000011110101101010111101010010010110110110100000000000111111010101100010000110011000101000100100000000101000110011110010010011001001011011000101111111100000111
1011100110011101110110101100111011001010111000110110111010101011001010011110010000010010001100110101101000101110111000111001011100000010001001100001011110010001011011101000011001011111000000001101000010100111100111011000000101000000111100110011011000111010
0110110011110110001000001111001110101100111000100101110010101101010110011100011100100011000000111001011101100011111010110011010101100110000010000000111001001101110110010011110010111001111001000011011110010110111000011111101001000011010101011110001010000100
0000011111001111000111010110000010101010101111100100000011101001101111000001101000111101101110100100100010101111101011011010011001001000101001101010010011111000001010010010010110111011110100110011110111001100000100001010101100011110111011011000000111010000
1011011100011100100001111010110111110111110100001001000110010101000100010001111111011100010100011110011111111100111100011010010100011011110110101101101010111110000110110000111000010010010000010000011011010001111101011010110011011000110000101010001110001100
1001011100101111011011010101111100000001001010110001100111101000101000010010110000110010100000111101010110111100100001001101000110101110011000110100011100111100110110110000110111110110000100100110011101101010100100011000101011010111100111010000011001010111
1011100001001110000011000010011110010011110001111101110010100110001010010010001000000000111111000110100101101111110111010111110011110100110000011010010100011010010100111110110101100101000000101101000101011001010100000011000101100110111011000000110000010101
1100011110101110110001000000011000111100111001100110101110011110011100000010110100110101100010100000101111100100111111100010000011110011100111001010100101010000000101101000101100111011011011011000000010010101110011011001000101011000001001110111110001010110
1111101001000000010011111110100000101100101111110110010111110001111001101101011010011001010101000100011010110111111100101001010101010000000011110110100101010000101011001111100010101000011101110101110010111111000011101001100101001011011101100000111010001000
0001100101010110001110111011000110111111100001010101001010101100100100000111110001101011100000110111110100010011010110110011000000011000011110000101001110100101011100000000001010010010011100011011111011000101100100100101011001111110011101100011010111100010
1101101011010010101000110101011110011110110100000001110100011010000100101011011101011011010100001101010000100111110110000001101011001100010100100011010101110000110100000011110110000101000111010000001000011000101110111111011100010000010101110101110111010111
1101101101000001000001000010111010111111011000100100010110111001001000000010010010111001001010110011011010011101111010110001001001110001110100100111000010100110110101011011100001111111101010101100010100010011111000000010011000101111111000100110000111111000
1011101010011010010011001011111110100111111011101010000011001110011000110101111100001011101011101101100010010001010110100100000110011001010111111100111100100011011001010000011000011010011000101111101111101110010101100100101000111110100001110101101100010110
0001011110000111110010011100001111000010111010111100011110011101110101001101100100001111111101100011100000011101110010011100001110000111010110101111001111111111100100111000010100100011000000110111110011010101100001111011110010110110101010000100100001010001
0011110111001101100010001011011100001000000000111010110001111010011000111101000111110011001011000010101100011011001011111110110011111101100000011101010101111001111010110110100110100111011101011000001101101001000111100011101011000011010000000001100111010001
1010000111100000101111101001110111000010101011100001011110011110010011101010000100001011110100101001101000000001000110111110111110111111101001110111000100100000110010011111100111011111010101010110010100001010101001111010110000010100001000100001101110111111
1100001100011000111010000110111110010010110101010110111011100010011111101100011001000000111001001011100001111000010101110110111111110111011110101111010010110010000100111100011011111101100100100101111011010110010100111010000000110101110001110110000001011100
1011111100011000111001101001101011011111111011111111100101101011111101110101100100011101011111111111110000101001010010110000111100110011100001100100101010001101011000111000100011100011100100001010111101101000110111001110100001001001100010101111001111100000
0110000001100100001010010101101101110111100010101011010100001110110111101110100000011001010011010001000100101110111101100000101100010011110001010110111000010010101010101110111111000011000000001111101001001000011010111011110101110010001001010101100100101100
1011000010110011111010111111011001101111110000001110010011010101100001110010111110111100100011100100110100111000111110001101011100010001010011001001011011010111111010011100111011101001111001100100101110011100001110100001101111000011000011000001001011001001
1010010011001010101001110011101000000001100010110011011011000110111100100100110100101110100111100101010011010100110011110010100110101001100101010011001011010000111001001110000110111110001111111101010001001010101101110111011010000100001011011100111010111111
1011100100100110110111100001111111000100001000101000000010100010100011011010100110111110011110011101101000101100110001100001011001100001110001001001000011111010101100100011110101000011010001101000000111011100100010111111110011011111001001000111101110111100
1100100111101110001000101010010101010100010000011110001001000101110110101011001101100101110110111000110011110011100100110111000010001111011111001011110010001011100101101100011110111111110111111001010101000110101001111000001101001111010010011110001101110111
1011011101001001101011101100010100001101111111111101110100011001101100110100101010110110000011010100101100001000000101010011011100110111111101101011000010111110101001100000010110000110000010010000001011001000011010110001000111010110010100000011001110001000
1111001001110000011001000100101100111000000111010100100011010001001110001110000100101111000110001100110111111011001001010100011000101000001110100110110101111111011000001110011110110010000011101010001110111110010011011110101000011000100010001110001111000000
0011000000110001011010111100110110010000110010001001010101101001010100010110101110011010001000111111010011000010001111011000111010010110011110100001101100110110111000100100010100100101111100100011001001000111000011011110011010000110000110000010011110000100
0101011010000001100100000101010000010011101100101011110011001000011100011011111001011101001011011110001001010100100111001110010101101011100101110010010100111101000001111101000110011110001111001111011110001011001110101101111100001100010100000011111100110110
1001111110110111010111010101100010000101011011100000111110110011001010100101101011110101011110100010010000100111100100111101100110011001110011001101101011111011111101110100111001101011101000000110101000110100101110001001001111100111000001101001111000100011
1110011110101011010000101000101001001111010101000001111011101101000111000011100100111111000000111111011011101011001010111001110001000100010100001001111100101011010100110010100110110010010100010010011001110111100100000110110001000000000100110111001110001101
1000111000110100101011001101100111111100110100000111111000110001010101000001100110000001000110100010011010110011111101110010000111101001101110111100001001110100101000100111001010010001110110011011111000111011010010100001001101110100101101111010000111010110
0111110011010110110111111011011011111100111101001000110001001011011001000100000111111010100110010001010111100111100010010110010100011100110110011111001010111100101110000001101110000010100111110001010100110011100111000110011110010010001011111110101101111010
0101011110101011011000010110100001110001110000001101011100010101000100111101011100000100011010010000000100100100111100001111000101001100111001001100110010011111001111000100001111000010000101101011011111011111110000101101001101111111100011000010001001100010
0011100010111100000001111100111011000011110011111001011110010110000011100111011111000011100100100101100111000111001110101111011110011100100011110011110110000100100011010001011011101010001011000100110000101111111001000000110100011010010001101001111010111111
1010010110001000010101100100011100101001011000100011010111111101010001011010011010100100101010011101001010001000001100010101100000110011100110001100001111010101110111110000111010000010100010001100011001110110111000101011000000001000000001111110000101110110
1111110000011101110110101110110000011110001000111110100110011110010101011011000110000001011110110100101100101000011110101111110010010111110011101000001001011100011110010010010111010010110001001100001110101011110100101101010101001110101010101110110101110010
1101100101100011010100000001101111111110111100000011010001000100110011100101100101111110100001000010101101101000110101101001110000111110110110001010001101010100110110101111010111000101100100100000111000101001101101010011100111101000100111010001001011011000
1100001010101010110001001010010111101001010010010010000001000010001010011001101010001100100010101100110100101110100001101010111100011100011111011010001100111111010110001100101101101001100010000001010010110010001101000010001001111110010101001011111110010000
1000111011011111111100001100001011100010110011011101111111011100100010100000001001000001010001100101000100101011100001111001110000110110101111001110101100010100101011001111001000101100000111111101101100110110101000001011010010101001011011010111100111110110
0011101001110001011111011111000101110111011101110101000111111001101100000000000100011010001100000010110001110110011100010110011110101001110011111000001100101001010001100111111100111000100010101111010110100001011110011110010010001101101110101111011101011010
0010010010011101110011111001110110111001111111001010011001001100110010111010101011111010111010001010001100011110011110110100110100111000011100100010111000001001000010011000001100111010100110100111010101110110101011100011000000111001110001010110101101110001
1110111000010110000010011110111011001110101010110001011011111001001111010001010010100111000100110011010110101101010001100101100100000111010110111100111101100110010000000110111101101111011111111010011001011010010111111010110101011110011000000010011100110011
0100111110000100100101001010101101111001011010101101110100000110011001000011011010001010100110000110111001100100010010111100111011110010000111111111011010001111000000010000010010101100001000100101010111001110001110100011000010110101110101011011011001101000
0110111110001101001001100011100001011111001010110011110111101011100100100101111010011110001010001110101000101010011101010101100111110001111100101001010010101101110011010101101010101111101101000100111101101001100110001000110101010011000010111000111101010000
1011000110000111011100010000010100000010000001011101101111110001111001111001111010001100101100100001010000010100010010001101011000111110100101001110000001010101011000110011100110110010011011100100000111101011000001101101100111100100100010010100001000000010
0111000101110111100111110001101001001001100101011101000000001010001100010010000111001110111110111001001101110100000110000110010110010001110111100000010000110001010111110000010011011110110011011111110011001101111010100101111110100111111110110101001101110111
1100111110011001011111100110001001011000110011011010110111100011101010011010110000100110010001011000000111111001111101110101001001100101000100111000010100110100110110110001100111010010011100001011011100011011010100000010110110001101110101001010101011110010
1010010101001111100011001100101100111110111101101011010101011110011010110001011110001000100000001000111111100011110111010111110100110001011000111000111101111101101101100110110010101110000001000010111001100011000000000000101110110001100000000010010100101000
1110110011010100101011111010111001111100101111001100000110001110101011111001100011011111101101100001101111110001000100100001000011110000000101110111100111111111001010111111100001011101010000010110110111000001111110011111001111111100101100001101110001010100
1101111100010101110101000111010000111001101110000110011100001100011100001000000001111000000100110111110011011101010000111010110001001101011011001010000011000000000101000011010010110100011111001000011000101101111000011100100101111000101100011110110101000100
1100001100001001111111111111111001000101011000001101101011001101011111011001100000110110111001000001100100010101111001111010111110001110000110111001000010100101000001110010010001101100110100101110111000010110011010111010100010111110011011010100000111001101
1111010110100111101001100000101001001000111100100111100010100110110010100100001110101111100000010111110100110110100011011100001100001110010101101111101000001010111010001010001101100110000010100000100111110110000111110101011110101101101011111001101001011011
0110010101000000100010101010011010101110010011111011010010011011110011100001011000111011100111101100101111101010101011110110000100010000110111011111100010000111111110100100011000001011010111110100001101101000001100101101111001100100000101100010110101110111
1000000010110110001000111011000000111000011110100010101010111011100010001110011011010000110010111111011010011011110101001100011011111011101001000111110011100010011011110001001001011010011011111000100010001100011101110010010000110011101111000101001001010101
1001001110110001000000111101100010011000101000110001001101001011000101011100011110111001100100000100111111110000110111011011110000100010000101110010010110110101000100100010101111000010110110110011111101010100010001011000001111111000100101010110111000111110
0011010011000010001011111011011011101001010011011110010111100010011101100101011101010010001000010001100101111010110100110010100100110010000101000110001101010010010011100000110101111011001101101101111101100110111110110101000001110001010011111001000010010010
0001101110001100110100010001011100111010100010100100100010010111101011111011000010000110111100110100011110000001011000001001111000011001010010011100110001011011100100001000100010100101011111011010110011000010001000110111010011010101101001010001001000110011
0011000100001100000110111101100101000100001100111100110101100101110100111010101011011111110111100101001101100001000011100100111011100010001111000101100010111100000001110111111101000000111010010011000100100101000001100000000000011010100011110100000011000000
0101011011011000001101101011011001010011100000000000011110010111010101001000100010101101101110010100110000001110010110111100001100111110110111001100000100000111101000011001001010100100110101110101001101111011000010100100001110011000110001001010000101110100
1000011000011011000011110001001000110000100000101111100001010000001100000010010100011010110111100001111010011001000110111110001011010011101111100110101000000110111110111110010011000100101101010010100001101001000000110100011001011001110000100110101011000111
0000111110000011100111110010110100101110010111100100010001100001001110101000010110011111100011100000110101011011101100001000100011010011111100110000011100101111100000010011011110100110010111010011100011101000001110010110001100010000000100101001000100110110
0011010011011000101101010011101101110010001111100110011011001001101110011011101000001111101010100111011111001111111111100100000100100011111101001101011110111010011011011100111101101111110101010100100110101000110010011000101001101100000011100001001010100101
1000110010100101001100010111011001101100100010001111110001010111111110001010000111001111110111001111110010100111000110010100011100100011011100110101000101010100001110010010010101100101001101001011100100101010011001111110000101011010001111010101000010111011
0100111010011010000111001000011101011000011001010000011100101100000111011101100010010110100110111011010101010100010110101001000000111011011000101001101110010000101110101101011010111100011011000010101100111110010101010010100010010110110111011101100111001000
141	140	131	122	140	127	128	122	134	119	116	135	140	136	123	126	134	125	128	127	137	128	136	135	129	122	112	125	119	145	131	134	118	129	125	127	138	121	128	116	121	131	123	113	128	126	140	120	136	125	117	125	134	129	115	118	128	124	116	122	128	143	126	126	135	130	123	130	129	125	131	120	114	114	127	129	122	124	137	129	124	112	132	130	135	135	144	122	142	109	115	126	142	133	138	135	120	131	119	122	131	132	129	136	127	125	153	122	135	138	126	129	125	140	120	145	133	136	132	134	129	128	119	109	118	131	114	116	122	128	135	132	127	115	129	125	128	133	120	145	115	136	135	115	145	136	130	127	122	135	125	122	125	123	141	133	136	147	125	141	111	130	128	133	124	109	130	137	118	128	122	124	136	120	134	134	135	122	125	126	123	133	150	129	128	122	122	129	130	138	130	118	121	116	142	135	120	126	129	140	115	138	124	114	131	134	133	123	130	114	126	130	127	124	132	129	124	117	131	136	125	116	126	125	124	143	124	138	131	122	124	131	122	135	136	119	129	137	133	125	118	127	126	123	123	110	130	135	128	132	125	133	116	120	131	119	
min: 109
max: 153