1111101111111100001110011010010011100011001011000001100010111011100110101010011100101010001110001111011100110110110010100101111101010001110101001110000001000110111111011101100110011010001100000011110011101011110010001110010111001011100011110101110100100111
1001110110101100001010111101110111010001010110110011110011001001110111010010111010000011000100110111001100000100001001111110101100001101000100011010010110010011011101010111011010101001111100101011011111001111101000000001010111010100110111011000001110010001
1110010011010000101010011101000110011111101111010001110111010100001000111001010010100101011101000110011111000000101010110000110110011110101011010011111010100110010111000010110101100010000100111011000000110111001110110001110010011010000001110011011011110100
0101101001001111010101100010001100111010001010010011111000101110011110001011000011111100101001101111010111000001010110010000111011001111010101001011110100110111110010111000011011110000010100010100000011110100111001100101001101100001010011011110101011101010
1111011101111100001110110101001101110000101011011011001010111100100110010010101011010110011111000010011101101111101010111011011011110001100000011000110110001010010011000011010110010101000111000111110100111101101011001101011101010001111100000001111101011101
0011011100011010101110110101110111111101010011000011111001010101111011101011100001111001100111110000111011010101100000100011001010011111011101110001111001111010011001101110000000111100001010100000100110010001101101000110100001010111010111100000001010100001
1001000101011010111101010011111100110100101111100101000100001100100110110100111010100111011111100110001001001101111111010100101110100111101000011111011110000000011000110101111110110110111011011100010000000100001001101001101011100101101001001110001110110011
0100101101101001100111010001101101010111101011111011100101001110110011101110110000011111000100100010001010010011101001101111111001101110000111100011000001001110100111101010001010101011101111110010111100110001000001111100100001100000001010011100111111100111
0011000110010111000101001010110000101001111110101101100001000000101011111011010000001011100110100000101011110110000100101101000010110100001000000011100110011001011000010010011110110100000010000101010001111111110100000110011011000000000001011101000111100000
0101010000010110111110001100101101011110010100110100100001101000001010111011001100101111000110000100011100110100101111010110110111001010110001011010101101111101100010101101111001100101010001101101001100101101000110001000000011101101101011101110001001111101
0010111111101110011100001101010101001001111000010001110111101011111010010101100001000001000111010010001100111000101001000010111110110001100101010111001011101100101101111000101011101000011100101101001110111100000110010000111000100010000000110001010000100000
1110001101110110011000010011001011111001011101101011100101011011000100010100000000011110110010000010000001111001001110110010000010000110111111001110101000100001000100010011011100110111001001101000000000100100000000011101011000010010100000010101010001110100
1100101100000011000000001000011010001001001110101001101111101010001100000011101110001101001101001100011010010111011101000001000000100011001101000011101111110010011111001011001101101111101100000000010111111110001001111001111110010101010101111010000101001101
0110100011111110100010000011000111100010001110011101011111100001111111000001011110100111111010011011001100100111010101100010111000011001011011111001110001101100011000110011100111110010110001101111110110100011110010001101101010110110100011110110011110011011
1101100010010010110111000110100100011011001001000011000001100010101011001010100001100010010001101100100110110000101000110000000100110100010000100111010100010110110101101111110000000111111000111011110000110101101011100100011111000000011101010110001101000100
0111011000010000011001010110001101100001111110111101000111111101100000000100000000010000011001000001100110000000010111000000010001111100101000001111101110110101000110000111111010010111101011001001000101000011101101110101010000101101000110100111000011111111
0110011111011101000011011000111000000110101111010100001011001110100101000011011010001001000010011101110010100111011010101110011110110001100100011110101101011010001010110100100110100010111100101010110011111101110111010010101000110000110011010110100111010010
0101000011010001110010011010111011001001011000111111000111001001100110111101110100010001110010010101011100011100100111010000000001001001111011111111011001011100100010000011001101100111110001100010111001110011011110010110110101000110010100100001100101100100
0011100000011000000001011010100101111101111000000110010011110000001001100111010010010001010011111001010101110101010111000001110101101001001000100001010010111111100010001011100011101100010111011101110001010110110011010010100010100100011101110000100000010011
0000110011010011111110100101011110101001010000100100010100011001011010011011010001101111000110011011010000000100011000010111010011010011110000101010100101000101010110111011011110110100000111111010110100110100100001110101001010000111010101010001010111111000
1001011101000000010001011100100101000100100100111000100100010111001011000000010111101001101111000100001011010001110110110011000001010110100010100110100111010010010000111011110110010111010000111011110001110101101101100100110010011011000011011011110001110110
0110101001101001100001100000011000000001100000110110100100001111000011101000100011001100111111110001010000010110110000100001101010101000100100001010000000100000101111111010010110101101110000111111001001101001101001100001010100000111101101100011010111000011
0011011000000101000110101101110001010111110010100100111011000110010011101000000111111111000001011001010111101100100011010010010000101010101000001010101100001001010110101101000111000011100101001000101011001011001110101111111011000110001111010111111101011010
0000100000010111000000010011100110001000011010101001100010000101010011110110100111011010001100101100100000111010110100111000110110010110111111110110000001011101111011101101001001100100000001010000111111001011000000100011010111101010000000100110001111011001
0100100110110110110100101010000101001110100010101101010001011000000011110010000000100101010110111001000101100010100000101001101111000110111000001110001100110111001100101000111101011011100110110000010000100101111000111010001001001110000111110001011000001000
0000111001010110110011001101001011110011100110110011101111011010100111100001001010110001001001010010001101001111001100010101100011010111100111110001110110010111000110010111001101110011110000100011010111111011100011000100011001100010010010100100100001101111
0101000001100011011011000100110000110101000101100001011010111100000011101010110000000010010100011111000011010110001011100010100100101110100100110010011110100111011011000101010011010101110110100100001011001010100110100011000110001000100000001100011101110011
0100101010011010011001011110101100111111100110101110101010000000100100001101100100001111010100110001110101000011101100100001000001100111111100000001110100001011111011110111000111000101000000101110001010010001000111111110001100111101011100100110110100001001
0000010000001111000001101010110100011011001101010011111001111010000111100001111111010001110100001110101111000000000101110100110101110000010011110111000001001001111101111001010001000000000011011001111001001010011110100111111000010001000000101101101001001000
0011001010110000010111000010011011000001111001101110001110100000001100101001010010010110000001000111010010001010011110110010000010111101001011100100110011010001010000111000101010000110100111001010000000101011101001100111001100101011010001000001010000000111
0100010111100100101001010000101010011011010100000110010111001010111100001001000101111000001001101010100110010111011001001000111101110100100000001010101110011000010000000111000110111110100010101001000001010111010000011011110001110001011101000110101100111001
1010010010100000011110111000010111011010101010111001110000011101100100101100101100101110010010110000010100110111000010011110101001001111101010001101100101101100101100110010111110100100110100100110111111001101000010101010101100001001011011000110111110111111
1001000111011011010001011111101111111101111010100000001101001000010001100100000110111101100010100000110011000000001101010100111111111010111000010110000000001011010000100110111101101011110010000000101110101110011000111011000111111110010100001111000110111101
1101111111000100100100010111011100110011111101100010001011101010000110011101110010101000001000100100000110001010101101000100011110011000010000111101010111011100111100111100101011011110010001100101101101010011011011101111011110001000110111010101101011010001
0001001111110000100000101011101100100101110011111010001000011111111110110000100100100010010110110100101001110000001001001011100010111110010011110111011101111001100000110111110101111111101101110100000010000000000001110110111001010101110110000010110011000111
0101100110001000110000000001111110000010010010011101101110010111011000011011110000101110011000100000100001100101111110111001000111001101000111010111100100010100000010010111010101100111000111110110101110111111010100010000100110101010010101000101010100101000
1101101010111000100011101010101111011001101101100110110111100000010100111100110000011101000110000110000001011011111111100010011101000010101010011100101110100100010110011001011101101110010001010001111110010110010100000001000001000010000000101010101101101011
1101010110100010011001000010110010010111101101101101101110000000001000111010101011101111000111000010100111011100011100000000000010101010110101101000100101010100011101100010010110010110010111111101100101001001101110111111111110100101000111011001101010110100
1001011101100110100110001100010100010010100000010000000100010001011100010100111001100100010101001101111001001000010110010111011001110110011000001000100100111111111100101110100110100000110100000110011011110100110010011111100001010010010001100101000101000010
0110011001110000011100010111110001011000011111101001000101011000111111001000011100111000000010100000110110111001011100111001111110010111110101010010000011111110100000111010000110001001010100001110110000101101110010010101001110110001110100110000001100001101
1100010101101000011001011001101001110101010011001101001111101011100111000011101110110101101000000001100011011000111001001001101000100010110100111100100010110000001100010000110010110000110010000010110000000010010011000010100011110001110101000101100110100010
0000000010000100110101011101111100000001011110001111111111111010101010010001111100001110011111101001110001100111110100000000000000111110000010111001101100010101010111100101000101010010010110110001000101100111000010000011101110010010010101100100001110111000
1000000101101100000001011101100000111010101011000111010001000001110001001011100011000000110111100111001001111110001100011001011011110100001000110111110010010100011111101100001010011110101000011011110001001110111000110011101110100101000000111010001110000011
1000110110000001101010101111111100010011101111011100111011101100001110101011110011010111100010011110001111011000101111001011010101001011000101000011000000010110010110010000100110110111111001110101110111011100100011111000100010101100001000110110011110111010
0011111101100000110001001110100000011000010101000101100011110000011000000001110011110010101100000011100111011011011000010000011011101011111010001100000011110011100110001111001111010100000011101011101111011100100110001000010101000000001000100101000010110010
1001011101000111111110111101111000001101011000001001110100111111111100111000001001010001001000100101110111000111100110011111111111100001101111000101000101010010111101000000101111010101101001011100010010100000011011110011001100110011000000011000011001000010
1110000100010101111000000000110011100101110001111101100101100001000111100000011001111011011101001000011111100001011111011010101011111010101000010101111110010111011111001001100011010110110000111100011111010001010010111000000111110001110100011111000000000111
0111101010000000001111001110001101000010010111111111010010000011110110011000010110001001110100000110101011000110100010011111011111111100010011011111111111110000000101111111000001101111101000111110110000111100111000100001110101011111101100101111100100011111
0011010010101010100101100011100001011111101010000100101100101100101101001110101111011000111100001101000110001001011000100001000000111110011110001000110000011000100100101000000111000100111000001110001110100011000010010000011011011010101101100001001111101001
1110011101010010110100101000111111111101011100100111000110111010000111000110110010000110100000111010111100110001010111101111010001100011001011110001100000011101001001110011100001101010000111001111011110001010100001111100011001100010101010010111101011000100
1101010111110010001001101001011000010000111110011011011000000001111110111110011011010010100111011100110001110001000100110000010101101001110111111001001111111110001011100001110111101101110100000101111001111110011101000000001011110111000001010110011001011100
0110010011010011010111001001001110110111111010011111000101111010011101000101010010001011111010010000111000110000011111000011101000100000101110010001010011100001101100000111100101101000111100010010101100110001110010010000000001101010000010000010011100010011
0001101001101001010010011001100111001101110110000111110000101101011111101010001111000110010101001100101110000010000001011010010100000011000110000100010111001001010111111011111011001111001010001000010001011111111011111011110101100111101011000101000100011110
0100011011011001001000001000010011000010101010011011001011111001011010100010001100010100111000101001011010110010001111001101000001110110001111001111010111000101110010101011011111101111101101101001101110000110100110000110111110101111000000110011001011101001
1111101000110101011111011011000110010011100110000100000011111110001100101010110100011011010110110101001111000001110111001001011000011010010110010001000000100111000001100111110001011111100000000000001001000111111011110011010101101100100010101010011111110010
0101110011111010011110111010000011010011100110100010111111001100110100100001001011110111011111000101111001110001010100000111111011000000011100110101000000101001100100100100110110001010001101110011011010100100011010010101101111101010111010001110000001101001
0111100100101000110000110011100101000010011100111111100001101101101100100110100011110100111110111000010001100011111110001011111000001111001111111011001100000100001000110000011101111000010101000110100001100001010001010010101010110100010111010110100100011101
1011111011110001101010110101111111111001001001001101110100100000101101111100110110111000010111101011100001101111001111001110000001011010110010110000011010011001111101001000101101011010000000100001111010011000011001011000000110011010001111001111101001101011
1010011001110011111110010011111101101111011000101101000111000110100101101011011101011100110110000011011110110100111001010111101000011011011011001110011110110110100010011011101000010010001111000101111000100010100110010101001100010001100001111110101001101101
0010000011110100111110111111011111010110001110001000000110001111000101011111111110000001110000000001010100000011111011100011101110100111001011101100000110111101101000111100111111100001010111110110111101001001001001101011011100110001001100101010111011100010
1110101100111011100101000111101111101001000110010001100111110110100101000001000011101110001111000101010010011010011001101011110111011110100001011001010110111001010110101110001100111110111111110101100100000011100001110000111011111011101011101000110011000111
0011000011010110100110000111110010010000101000010110101101100111110011000101111101101010011111110000111001001101100110101011100011100111001011011001110010100011000100000011001010001100011100011011010010011010101011000100111010100000010011000000100000111101
0100001111111110110111100100011111000001100111110100010101001001110110001001101010001000100100101001100010100110101111001010100001010001111011111010001011001100111110110111100111110000111011000000010110010011000001010111100001100110001010111011011010000001
0011010100111011001000011101000111001000000001110000111011011100011100001001000001011000011111111010111100100100111000111001011000101000101000001100001101110010110110100001101010010111111110011100010110000101010001111100110001001100101110010110011101000111
0110000001111000010111111110111000110100010101110101110000101000011101010011001000001100001011000000001010010001101110001101111000001110001010101111011110000110011110110000000011001101110010100000001010101111100011100001011111111011101100101011011011010010
0110011110011101000010010001101000010010001011101101000111010001000011001001011000110101101010001010011100100111100011101110010111111111101101010110111101000010000011000001111111110100111111000010111010010100110001000111101010100101110101100000011111011111
1111110111101100011010011101111101001111000111110011101100000110000100111111110101001000010011110100110110011111010111101011101110110100101101100001001101100001100000101101000010000101101000111010000011100001110111000010111001111110101101010010001011101000
0010111110000101000101111000001010100101101010100100110010011110000100100111111110001101101000010100010111100010000010101010001011110110000100100011001011111110000110011101110100101001101011001000100100100011011011101100000101000010111011111100110111000001
1011111000111111001000001001100010010101011001011100101111011000100000111100000111011011110100101111110000010110101100011011010010010011000000010110000001100111010111111101001000010010100011101001001111111111110000111010001111110100101001110000001001001110
1011011011001101111000100001101110001011011000110111111100001000111011010010010001011001101010110010001100001010110011100011010111101101100011000111110110100011010111100010110110000100111101011101101001101011000000001000010001111010100011011000010001011101
1010111010011001011011110101000111111101111110100001110000111000010100110110101111001101010001101010101001010011101100001010011010111101101010110000100000011100110101011110100111111111110101111000110101100000011101111010011011111110011100110001000100010111
1101000100000110111000000110000011111100001110100011011111001110110011001110110000110110000101010010000110000000000111000001100110100010111011100010001100000000000010110101101111111110001110110110101000010111000010011101101101110000010011001001000000111001
1000100011101010001011000001000111101100001101111101100110101110101011110101001110111101000011011001000100110010011001110110101000001100001000101101011101101011010110111001010101101110100110101100111101110101000111011100110010010010100000101100110111101011
1000010011111101110000101000010101110100101010010111011011110100101011101000110111010011100111010110000110101011110001111100011111101000000010100111010000101000011110100001100100101010011101110001111000001000011011111001101010011011001010110110110011110000
1000111010111111010101011010110110111000011100011111001100111100101111101000111000011010110100110100100010001100001001001001100100000101011010011000000001001011011001101011010101000101111101010100101000111100101011100111001001000111110010101111111000010010
0001111111111110011000111010101110010011000000101111010001001010010110101111011011101100011101111101100011100010001000110110011010110110011111110110010101001011111111101110101100110110010001101000010101010110010000110100001010011011010111101101101011001111
1110011100101110100011111110100010011010110000110001000101011011110100100010111111110011011010010101000101110110111110101010111001110010001111011010100101100001000000001010011101100101001111001011110001111110111110001011000011111010101111011100010100101110
0001011100110001100100011010111001100100100110111100000000011100001100100011101011010001100010101011111000101001000011110110110011101111111101100000111010111100100011100000000010011010111010110100101001011000001111101001010110001100111110100100011100100111
0001100010101110111100010000100100011100100100101101010000101010101000101010100101101100001000100101000011101101111011000010110111100010001101100000010000000000000010011111001001011110100011000000100110001000010111010001111100100001010011110001111000010011
0010101111000000011011010100111011100001100111000100110110011100000110100111000000000010011010000111000011111111000110000100001110110111101100110010101000110011111011000111001110100100001001001001011101011000101101101011111101101001111010110000100111100111
1010000010010010001111111110001111111000000001110111111010101011000110111010110001100100000011100010010101111000010011110111110011011111101101100001101111011101101010110110110000110111011100010010100110101111100101011100100100010000101001011111001101101011
0100110001011000110001111001010000101010001001001111010101100100010100100101011011110011100111000010001110110100101111010101011110101111000000100000110110010110001110101111111011101000000111101110001100000001000101001101110000111001101000000001010101001010
1010010001001001011011011110100100101100011010010101001010110010001011011100110000001101010101100000001010000001000100010010111011011011101100010011001111111001100100000011011111001101111110011001010111010000101000010100111101011000111001010011101110000100
0111100000001110001010110110100111011110000001001001011011010101101110000010000010010111110101001010000010010011011110011010111000001011110101010000110011010101110010111001100010101011110000001011001010110000011001111101111011100011011011000001100000110101
0110001000000000010101000010110101000010011100100010100111100100100111110111011101011101010000011101101000010110001011110000110001000100000010110000001011011110011100010000100000001110110100011100111011001000101010011100000011110101111010111101010110101101
1000001010000010110001101011010011001101011010000111001101110010011101101010011000001100011110110101100100011101101001110011101010110101011000000000011111010100010100101110011100110101001011000010110010001100000011000010111010011010100011101111011011101010
0001110110110011100101010100001000001111001001100110101111111111010000101111000110101000001110100110001100011100110000110001111110101011000101101110011011000101100100000111101101100001011111111111101000010001000101011010001000110111011000111000100010011000
1110011001000101111100110001111001100111000100001100011101010111100010111001100011110000100110000010001001111011011010101111101101100101110111010010110111000011101010111111000111000011111110110100010101010111101001000100100110011000111011110010110110111110
1010111110110110100111111000111111010010000101011001010011001110101000011100010011101011010111110000011111110000111100000010100001110010111111010001011100001011100001010100001000111110101011010011111011001010100101011011100110101010001011111110110110010100
0110110111111010010110110001100110001101100010010100010001110100100100111111011011001101011101111100111001100101101000010011111110101000111000000000000100110100110000011011110110100111100011001010000110001011000011101110110000110110111010001001110010011010
0110010000101010001101000000000101111011111001101010100011111000001100011000001000100011000101100110100101111001100100010100000110011000101100100001110001100011101100100100011000101001100110011111101101010101110001110101110000100100000000111000000010101001
1100111110101010100000100001011010101110010011100110011101110000001010110111100101010000100111011010101011110001100101001110111001110101100100111100000001001110101001000011110101111010001001011001010110010100110011101000001001101010000001000010010011001111
1010010110010100001000100001101011110001110011101001001111110101111101111001111110010101100001000101001001111101001111011001110101100100001000101010111110111010100011110001001111101101011110000110100110101001011100101101010000100110100100000111111011000101
0111010101010001101001110001010001010100101111101100110010010011100000101010100011011100011111110111110101001000100000011001111110100111101001011100001101001010111000111000110001110101100100011100110101101111010111011000111011011001101101000101000010011100
1001100110110001110010111110100111111100010010100100001011011010000100010010100000101100001110011000001010110111101010011100001100000010110101101110000000101100111101100000101001011101000001001000001010101100100101001001000100101001111000010100111011111010
0001010011100011000011011100001100100000010010101011101111011110000011110101001100001000101110001101100101001111110001110011000100000101111001001101011100001010111001110000011101011010110001001010011001011001111010010100001000110010000000100101000001110011
0110111100101001011011000101110000000111101110101101000011100101110001011101000101001011010010000000111010110010100010001101110100010000011011100001001000110000110100000110101110010011111100111101010110011001110011001110100101011100101011000100011001001100
1011110000000100101101000101100101110111110010100100110101101001000100011000010000011000010111101010101010011010001111001011001100001001101001101010101101110101111110000011001110010000011011111111011111010011111110011101110001010011001110101000100001001101
1011000111011000011001011100011100100100100000010011111100000011001101001000001000100110100001001000011111100010010101110010111001100000111011010001101000110101001110110000100101111010011000111111000101001011101001101101111001010011110101110010111000001100
0000000000000101101110010010100001010010011001010100011001010000110011001000011110000101011111110110011101000011101111011111111001110101100110100001100110100001111100100101111011100100010000111011100100111010100011001011110011010111100111010101110101011110
0100001010101011000010000000001010110001110010100101111011111011101001010100011000101011111111010110000011100011010000001000010011101001111110011110001011010010111001010001010111011100011100101111000011111001011001110010010001100000100001011001000011001101
1101011001100010110101001110111101000100100100011001010110101101101010100000000101100011000011101101010010001000100110100000010010010001010111011000001010011101100000111111111000001100100111100101000010110001110101011110101101011001001100010011011111000010
0011101101010011011111010010000100001001001110110000011000001101110011100110101111011011011010000110010110100101101110111001001100100100101101001000011101111000101100110001111100001001100010110100000000010110010100011100001000000101110100001110001101010100
0001001101000100010101000000110000110001000001011111001011000111000000100001010111001011010111110100111111111001111101001000011000100100001101001000101101110000001100100001001110010000001111010011110101100101111101101001101001010100000111011011011000011100
1101100010100110010111010100100001000010101001100000100100011010010011010111001110110001001110100101111101011010000101001100010011000100110010000000001010000111011101001000101000010000001101011110101111101001001010010101011101001110100011001001100110001110
0011111010110010010110001011100110010110110011101100111111000101001101001100111010011001111101010111001111001100000011111100001001011110101101111010100111111100001111000000001010010011011010011000110111010010111001100011001001100110011100101111100100010000
0110011110010101101001011110111010110110000111111100111011111010011100001010110100010101100001000110010100101101101000000101100111101001101001111011101100001110001100100011100101110010011111110110110010010101111011000001101000000101101110011110101101110101
1011011100101000011100010111100000000110110111101110110000011010011010100011100000101001101010000001111001010010100100001101110100111110111111101011100101011111111111010001011010110110110111001111101110111011010110100001101100111001001001111110001000011010
1011010011100010010100001001110010011010100100100011100110101100111010000000010001101110001000001011101010010010101011000110101000111100101011110101001110000010111010100011110111111111010000100011111100101000000000110010110100000011001101000010101111101001
1111000001011010001101010100011010011110000110000101111101010010111111110100101101010111001101111100011101100000011110000000010010010011011101101000010110101110100100011100111100010100011011011010100110110000110100110000000100101111011010110111100001010000
0100101100111110111010100100000001011000101010001000001111011110110110100100111101011101000001111010010000110000111010110101111111100110101001110100111100000110100100011110001110010111001001101010111100001101011110101101010110111111000010101010101111001110
0111101110100100001010101100101011011000000010101011101110001010011001000110111011010111110100000100010110110100110000111001011111101111000001010111000000000001101111010010101011110010011000110010011001101111100010001001111110010001100100000111100100001000
0011001110010110000101010101011111010011110110010111001001000111001001010100101000110011110000111100110011001100011101110110011011111000101101000100101001000011011101001011101011000101101101011111001000010001111100100011010111010000110001000001100001001011
0111111001000101000011111110000110100001101101011110110000001010001100111000001000011010010010011100111010001000001101000101101101100010110111111110001001001110101010100101101101001000100001110111101011010000100001101001110100000011000000010001100111011010
0111110101111010010110010010011001111011101010000101110010010110100010111001000011011100110000001011101000101100001110011101011011111111011101101111000101100000011000101100100011101000110101001111011010010000001010011000010000111011100011101001110000110010
1010011011010101011001110001000010010110000010110110100111110100010010101010110110101010010011100011001110000000010011010111101100100110001011011110111101000111110010010010110111101010101111100111101101000101000101011110101011100000101001001000011000111110
1100011100110101111110011000001110110011101101110000111000010111110100101000111001101111001100001011001000100011110001101011001000001011111011101000010010000011101000111100001011001100100111000001000000100001100101010110001010010001000100010001010111111100
0001010001100101000100011110011010000001000001000001110100100110011110001100111101001111011111010010101111110100010101000100000101110100110011111111001111000001110001111100111111000101110100110000100101100110000111111111101001110111011100111100100111010011
0011100111001000000101111110100100100010101101000011101100000100100000111000000110011010001110010001011011001011010011101010010001101010111011110010000001001110110111001000110110010110011110110111100001110110111010100000100010001111100101000111111100010101
0111110010100111000111100010100000011011011011000001101000100111101001111010011110110101111101010001110100010010011101000001100100011100011011010110111110101000101011101001010110101001010000010111001010110010110111000010111111001111000000100001001010001011
1010110001111001110111101110001001000110000000010111001111111110101101110111010001000000111110101010010110001000100011001101101101111000010100011101101010100101101101100001111010010010001000000111010100111100110010010011001111100011011001000101110100000101
0111011001101100101110000110011011111111101001011000100000011011100110101100110000100001100110001111001100000010100001100100100011011011011110101101101000001010101010111101111100001100101010010000100101000110100000101101011100010001111110110100110100011111
1111100100010011010011000000001101011100101011101010001110111001010010000100100111110000001010000100011111011011001001111101011011111100100010110100110010110000001001011100001101000010011101001111101100110001001011101010100000101101100110011111011010110110
0000100000110101011111001101111110110100110011000001001010000001111111001010110101101010011110110001110111000111001001101101011011110100100000101010110100010110101011101010001110111110100010011101111110111001000111100111001001100001111000011011011010100110
0011101011101010111110111101111111000011000110110110101111010111111101010101111001111110110111111101001010010110010110110101110100111100001001010111101001011110101100000101111100000000010101000000010111100101000110001001011101111101101001011100100100101111
1100110010000011001011101111010000010001101100101100001010100011001111111101101111111100001111000000011100110110100001111100001010101110100101001110110111011001011010111111101010101100100001101110100100011100100000010001010111101011010100000011110111001001
0101111100011000001101000111010101010100100110100001101100100110000110100000111110000101101011101001101000111101101100101010111101011110110011011100011111001000100110110010000110100001101001100100110011011000110001101101010010011101100001011110010101100100
1001011110110111101111110000001101100000001011101000010010100110110001011000000101110001110010000000000001011111101110101111110000111011101000001110111000101110100000111001010101101010001111110110100010101001011011011110010011100010010100101001010000011110
0010010001111010101111001100000010000010111101111101011010011101001111100011011101001110001001111111001011100111111010001010101000000000000000000000000000000000000000000000000000000000000000000001101001001101111100101110011101110000000100000011111000110111
0101100110101010011001111111001110111101000111000001110000000000110110101110111100100010010110010100010110101010110001101110111100000000000000000000000000000000000000000000000000000000000000001000001101000101010001011010101011111000101101101101101011101111
0001111001110011010001110110101101011110000001010110011101101011000110010110111000111110011100110111100100011000011111100000010100000000000000000000000000000000000000000000000000000000000000000000011100011101011110010001100000100111000111010001100101101110
1100001011010011110101001100010010110010100001101101000001000011011001100100001011000110010101000001001010010000101101100000000100000000000000000000000000000000000000000000000000000000000000001010010010010001000100101001000010100000000101100110011001000010
0001111000111001010100100101011010010011100001100001100011001111110000011101000001010100101000000000011011110110110110010001111100000000000000000000000000000000000000000000000000000000000000001101111111101001000001101111011010010101011100001100000111010000
0011100000010111110001010000101001111101100110000101011010100111101110001001001010101011101110100110111010110000111011100011010100000000000000000000000000000000000000000000000000000000000000001000000010000101011011101011000000010011001010001011100010010010
0100000101110111100101011011110100110101111100110110001001111011101000000100111010110110101100010010001100001100110000100011010100000000000000000000000000000000000000000000000000000000000000001110000100111001001000110000110000010110111111111010000001001110
1110110110001010011010011011110001100011000010101001011000101001000010101011011000010010000111110111101110100011100111001001111100000000000000000000000000000000000000000000000000000000000000001110011100111100011110111010001100011000101010010000101010110110
1001010111001100000110001101011101010110001001001001100000111010010011101111001100010101001000010000110111110110110101101100100100000000000000000000000000000000000000000000000000000000000000001101101100111111000011011111011001011011110100100100111011110011
0000001110111101101000001011001100000001100001011111100110111001101000010011011001011010101101111111101000000100010110001000111100000000000000000000000000000000000000000000000000000000000000001010001010001011111110100000010011111011100000011010000100110110
0110011001000010011011110010000101001111011011100011100110011101001000000100111100110000111111100101111111011111000110011101001000000000000000000000000000000000000000000000000000000000000000000100011000001101010111111101111100010000101100010010000001001111
0100001010000111111011100111110101011101100100010111101110010111101100111110110011010111011011010011100100010000110010000111101100000000000000000000000000000000000000000000000000000000000000001111000101101011001110010001000001100100100000011011001111101100
0111111000100110100111001101111011000000111111111011110000010111010111000010000101011110111011111100001000110001111000000011011000000000000000000000000000000000000000000000000000000000000000000010001000000111110000100011000100000010110011100101110000100001
1000110001101110111101010110101110111010010001001000000001101110010011110010111111111001011010110000110000000000110011110100000100000000000000000000000000000000000000000000000000000000000000001100001101000001000011000000000010110110010001000100111100101111
1100001000100001101010010010111110001001011010101110100011100010001000000100010110000011111011000010101011000011110010001010011100000000000000000000000000000000000000000000000000000000000000001110001001100100001010101100001110100011101010010010000001000101
0110110100110100010110110001000001000100101101010111011010000100000111111010010101000000101000000001101110110000011010010010000100000000000000000000000000000000000000000000000000000000000000000111001010010001000110111011000001011111000001010001111110100101
0011010101110000111111101110010111111111100010100010111100110001000000010110111111100100101001000001101001000001001011100101111000000000000000000000000000000000000000000000000000000000000000000011010000011111000110100100000111100101110010110000000101101111
1110111010110100101001100111101001101011001100110000000111001100110011010100100101001001000000101110111101111000110011001000010100000000000000000000000000000000000000000000000000000000000000000010001111111101111011110111100010000100010010111100110101001001
0110101100110000111010101000100010101000011001010010111010011010010000101110110110101111001000100100010110101010011011000111011100000000000000000000000000000000000000000000000000000000000000000010100111011101010001011010101011101101110011110100001011101101
1110100111110001100101010011001101011010101000100001110111111101110011111001000101100001001111111111010000001100110100100110110000000000000000000000000000000000000000000000000000000000000000000010011001100000111101000000110010101110101011101100111110010001
0100001010111000100111101010110011100000001111110101101001110010011111101001001110000110011001100001100011001010001001001110000100000000000000000000000000000000000000000000000000000000000000000011110000101011000110001100101011111000111101010111111010010011
0011000101011111011001001110011110010110000010111000100001110100111100101110110011011101110011001011100100101011011110101001100000000000000000000000000000000000000000000000000000000000000000001100001110110011101110010010101100101111001000001111001011101100
1110000111110000010000011100110101000111011101001101111000101000000001101011100101111110000101010011111111011000110110001001000100000000000000000000000000000000000000000000000000000000000000001110011101001001001111111101100001111000101011000000011010111001
1000101010100100011000101110111110001100100100000110101010110001111011100111111110000010111110101110000000010101100001001100111000000000000000000000000000000000000000000000000000000000000000000110010011011011111000000001010101101100100001011110111001111111
0100010010111100011100110010001101111000111101101011101000001110000010111101010110001101100100011111111010110010101100011101101100000000000000000000000000000000000000000000000000000000000000000100111101101001111111101011001010000110010001000000101111010101
0011111110010011010100100000100100010001001110001000110110101101010000110011000111100000001101111011001000111110110011101001110000000000000000000000000000000000000000000000000000000000000000000111110010100010101100100011111010100011000001100100001100110001
1100111001000110010000100010111111111010100100011110011111010110101110001011111001101011101111110010100110010000010111110110100000000000000000000000000000000000000000000000000000000000000000000111011011111000001010011001000011010011000000011011100010111110
1001000011011100100100000010110011001101110000111111101101101001010111011110111111111011100110010110101110110101101001101000011000000000000000000000000000000000000000000000000000000000000000001100110100110011011010111011010110100110011101100101110111101111
0100111111001001101001110110111101100010110101111100100010100001110001011011100000100000000001111000011101101000000011010001100100000000000000000000000000000000000000000000000000000000000000001000101001110001100001110110100011100101101111111100010110111000
0100100101111010010111011010110100101001111111111101111010110110011101000101001011001010011000011001011111001100101010101110010000000000000000000000000000000000000000000000000000000000000000000011110100101000100101111100110010111110001100110111010001010010
1000001110100100001001100010110111011001011101100110110111100001111111110101101111001000011010001110111001000101100100101011101000000000000000000000000000000000000000000000000000000000000000000111110011111111111011100100010100110111001100111111111101011011
0100100010001001111111011000000101101010100100001000110110000111100101110001000100111000100011111100010100001110000110101001011000000000000000000000000000000000000000000000000000000000000000001101111110011000110001010000111010101111100111101001011100010001
1010101001000001000101010011010111100110000111111001011101001010111100110010101000101000001111100011110100001011011001000110000000000000000000000000000000000000000000000000000000000000000000000101100101101011001111010000101111011011000101001111001100101010
1011011111001100001110010000110101111010010000100101110100010010010000110100111111010011110100111110101011011110000111100101110100000000000000000000000000000000000000000000000000000000000000001111010010000011111010101101111010010000100111000100001101001111
1101101000011001100010110100010111101100001010010010010000110110011001110110110001110101011010101111111000101111010000110101101000000000000000000000000000000000000000000000000000000000000000001011110101110101111111100010111100010010000001100110011101101100
0101101111011011011011110101010000001010111111010001011011111111011001011010100100100010011100000100110100100100011100110101011000000000000000000000000000000000000000000000000000000000000000000011111001110010010011010010010001000111110110010110010110101001
1000110010011101101110000100111010010011110010000100000111011101001010111000011001110101000011101100110101000000011010100101101100000000000000000000000000000000000000000000000000000000000000001010011100011011110011010100000001011110100010000010101110000110
1000010001010100000100101110111010000010111110101001000010001111100100000001010000000110001101010001010011011011000000001001101100000000000000000000000000000000000000000000000000000000000000000001010001000000000101001101101110010110001000011001000000010100
0011110000010101000101111111100111000110000100101111001111001101110100011110101111011000001000011100111111011000001000100010011000000000000000000000000000000000000000000000000000000000000000001110110111111110110011111101100000001001110010101101000111101011
0010100111000011110010111010010010001100110001100000100001111110010001110110001011101010000110010010000110111101010011110001110000000000000000000000000000000000000000000000000000000000000000000110111010100001001000011011110110101101011110110100011101100010
0110010110001101110010100101101101000000000110010111011101111011100010100100001011011000101011010001001011110110111111010011100100000000000000000000000000000000000000000000000000000000000000001110111111001111000100101111011001010010111011111000101001000010
1110010000101011011011011000001001011100100101011101011101101100001100010001011101011110110001010011001101000111111001100111101100000000000000000000000000000000000000000000000000000000000000001101010100111100001100110100011101101111110100100011000100010111
0000010110000110000010011000011001010000101100000010010100101011010110010011011000101001001010110010000010101101011111000001110100000000000000000000000000000000000000000000000000000000000000000101110010110000001000001010110101110000000111010101100100110110
1001010101011001110110000000100100101010000010100011100001000100111100100000001101110101000101001010110100011101110010100100011100000000000000000000000000000000000000000000000000000000000000000110011101011010101011010001110110000111000101111111001000000011
0100100011111110001000001101100100011010001010011000101100110101001110101111000011100011000100101100001111001011101100011100010100000000000000000000000000000000000000000000000000000000000000000111001000001110110000111100101111011001111000100011101011110000
1001100000000110010101011111010000100011100001100010000110000000011101100111001011101100011100101011100110000110010101111111001000000000000000000000000000000000000000000000000000000000000000001110111001110100101110011000011010011010000000000111011001110010
0100011111110001101001101001100110001110000101010001000001101000001010001000110011110001000000000101011110011001001110001110010000000000000000000000000000000000000000000000000000000000000000000110111101111101010101111001100111011001100011000010100010001100
1011011110010000101010010101110011001101001100101110100010101110011001000110111011110110011000100101111100111110100011001100000000000000000000000000000000000000000000000000000000000000000000001101001111111110010111110011111010010010000011000110010001101110
1000100111000001101011100100111100011000001000001110001101101011101101100110111111000100111001010110101010101010010101010000010000000000000000000000000000000000000000000000000000000000000000000011111110101110011010101010101001110010100010101011011001101111
1001010000000110100000011101101101000011000111001110000111000110110000101100011111110100000110110111010111000000001000110000000100000000000000000000000000000000000000000000000000000000000000000101011011000001011101011100000000110110110111001100001011000111
1100111101111001010011011010001111111001100111100011110001100100101101000011110110111110101111101111001100011101100010000101100100000000000000000000000000000000000000000000000000000000000000000111101101000100111100110001110100001010100000111011010000111101
0110111111101110100110100000000111001010010110011110110011000000010100000101100000011001001011111000001100101110101111001001100000000000000000000000000000000000000000000000000000000000000000000011111110110110100000110010111001001001011101110101000001011000
1110000000110001010111110001010110111000101111010100000100011010111001111010100011111110001111101010000100101011101001101011001000000000000000000000000000000000000000000000000000000000000000000000011110011001101000010010101100011001100101101110011110101000
0010011000001001100011001101000001111010111110110111100100000000111101100010101111010011110110010101111100001001100011110010101100000000000000000000000000000000000000000000000000000000000000001101000000100010010111110000100100100101111100101111011000101011
1111111010100101001011111011101111100010010101101010010100101110110011011110110101110100001100000101101110001011011010001100001100000000000000000000000000000000000000000000000000000000000000000011001101001000010110111000101110111001110111011100110111101101
1100111000001111010101110010100000110111000111100011001010111110011000000011011010101011100110011111110010110001010100101000100000000000000000000000000000000000000000000000000000000000000000001010111000111001111111001011000111001011101011110110000000110110
1110111101000100111011110100001111010000001101011111010111001101001111110111011011110101110010100001101010001001110010101011101100000000000000000000000000000000000000000000000000000000000000001101000000110010000110101000100111001010101111000011111101110110
1011011111000011110000100011001010111011101111001111011111110101011110011000111010000010000001000100000000110110100011100111101100000000000000000000000000000000000000000000000000000000000000001100111001001101010000000011011011111011100010100111100110001110
0101111111111010110100101111000101111101000100100000100011101111101011111110001110000101111001000101011100010101101001110000110000000000000000000000000000000000000000000000000000000000000000001111000000011001010101110001010100101010000001111010111111100011
0100001001000101110010110010010111101110100001011010101100001100001001011010000000100010011011001110100101001001100011101010110000000000000000000000000000000000000000000000000000000000000000000110011111100101111010010100100100000111110011000010010110100000
0001101011100100011010111000001111010101110101110000010001110110101111100101010001110101000100010001111010010010101110100010001000000000000000000000000000000000000000000000000000000000000000001010010010110000000111101001001011001011010001011011111001010100
0111000100010100110001011101011010100001001010010110001000111110011001001111111111010110111111000001001100101010000001101100000100000000000000000000000000000000000000000000000000000000000000000001010111101011000100110010101010110010000000110110010011111111
0111111101101000001000011110100111011001110111110101001110000111111110000011011000001101000001100010110011101111101010111011000100000000000000000000000000000000000000000000000000000000000000001000011101011110001011001110111111110101001100001111100000110110
0001011010011100001001111001010100011001001101001010100100111000001111101010000110011000001100011011111110100100100101111001100100000000000000000000000000000000000000000000000000000000000000000010100000111101101111111010010010100110100100000011111010100001
1101010011100011110100110111111011110111100001011010001110101110100000001100100000100100111110111111000000011000011101110100110101010100001010111111011110000101000001111001110111010100111000110000000000000000000000000000000000000000000000000000000000000000
1010010101011010110000001111000010001111111101000110001001000100010010001110101001001111000001001110101001011110110001110001111011101101101100001000111111110100011001011010101010100101010110100000000000000000000000000000000000000000000000000000000000000000
0000100011111100010010000011000011010110110011001000010000010111010110100010011110011110111111001001011000000000100011001110101101010010110110111101011011001100010000001100110000001000111111000000000000000000000000000000000000000000000000000000000000000000
0111101010010000000111101001000101101011100100110101010011000010010001011100000101110101000000100000111110010010001011100101001000111111010100010110101110010011011001000000000101111010100100000000000000000000000000000000000000000000000000000000000000000000
1111001011010110011111100110001110011110001001100010111100000010010000111111001011100000010001010001001010010011110111011101010010110001001001001001111000100110100011001011010111110010110101100000000000000000000000000000000000000000000000000000000000000000
0000010010010010100111111001010100010101010011000100111001011101010111111000001110001010110110011000111001001011010010101100111101011011000100010001010101001100100110110000011100000100100100100000000000000000000000000000000000000000000000000000000000000000
0000101011101010110000000101011111000111011000000100101111100101100001100110111100000111001101110000110111011101010000010000111110001100100001011100011101100000110010101011110100001010111010100000000000000000000000000000000000000000000000000000000000000000
1000100011100010010011011000111101010110110001111100100101100010000101110100011100011011010010001001001110101010010000011000000010011111101001010101011011000111110001010110110110001000111000100000000000000000000000000000000000000000000000000000000000000000
0011010111011100100000011010011101011011011011110011111001100001010100001101001011011010110010001110111100010100000010111011110101100101000011100101101101101111101101000111101100110101110111000000000000000000000000000000000000000000000000000000000000000000
1110011111111101101101100011000000101010010110001010001011010010011011110111011110011100011010000111101110010101010001010010111110001000100010100010101001011000010100011100110111100111111111010000000000000000000000000000000000000000000000000000000000000000
1010001001010101001011100001010101000111101010001000101111010010011011100010111101101001101111011100101111101000001010011000011111001100011110100100011110101000100011000100000010100010010101010000000000000000000000000000000000000000000000000000000000000000
1110011101000111011111001010101000001001000001001010110101110011010000110011000001110101101011101001001011101001010010100011010010100100011101110000100100000100100110111110110111100111010001110000000000000000000000000000000000000000000000000000000000000000
0111100110110100011110011011111110010010111101011001010011111100011111111011110111101011010010101001001011111110111011010100100000000110000010011001001011110101000000000000101101111001101101000000000000000000000000000000000000000000000000000000000000000000
1110000110111100000101110100111100100111100001000001000010100001110101101001100100110000110010111101000101110111111100010001110100110111001001010010011110000100111101101111001111100001101111000000000000000000000000000000000000000000000000000000000000000000
1111000111010010111001111010100100011010100010111111110100110111000101100110111011111101001000100000110011110000000011001110010111100111101111000001101010001011000101100111101111110001110100100000000000000000000000000000000000000000000000000000000000000000
1010010001100101111010000011000111101000001010110100100010011000000001001101011000000000000110101010010001111111111011001111110110100000101100111110100000101011010011000101010010100100011001010000000000000000000000000000000000000000000000000000000000000000
0100000010000110010001011011100101110001010011011100111111011000111111100001001100110100111101000111010001110010100011110101111010111110100101010111000101001101000001010011111101000000100001100000000000000000000000000000000000000000000000000000000000000000
1010010000011000110110101000110100110010001000001010001101101101001101010101010111101000101011010100110010110101000001110111010110010001010011010011001000100000011111101001010110100100000110000000000000000000000000000000000000000000000000000000000000000000
1100011001110011101100010101111011011110000011001101110110100101110001011101101001101111010100101010100100100001000110111101011000000011101010011101111000001100011101110010110111000110011100110000000000000000000000000000000000000000000000000000000000000000
0100110000110101111010011010001110110010100000011100111011100110001100000101001001011011001000100001011100010111100000101101001101111100011001111011001010000001101001011001011001001100001101010000000000000000000000000000000000000000000000000000000000000000
1101000101010010000111011100010011001101101100011001111111010001100000110011001011010000011101010000000100100111010011101000001101010010011000001100110110110001110011001001011011010001010100100000000000000000000000000000000000000000000000000000000000000000
0100100111011111010101111111001000111000011001001111010111101101100001000101011001101111100101100010011001001001101111000011001011001101100010010011100001100100000111100010110101001001110111110000000000000000000000000000000000000000000000000000000000000000
1010111101010101000101100010001100001100101111000110011110110011110001000101101000011010100111111011010111001010110010001110011001101011000011110000110010111100101110010111011010101111010101010000000000000000000000000000000000000000000000000000000000000000
0010110010010011000110011101000010100001010000011010101100000111001001101101010110111000100100011001010000000010100001111001010000001010010001101010000101000001001101010100001100101100100100110000000000000000000000000000000000000000000000000000000000000000
1100100111000101111011001100011110110111011111110000010011110111011110100100110101011011101110001001001001111101110011010011001010110011100010001011011101111111001001010000001011001001110001010000000000000000000000000000000000000000000000000000000000000000
0001000100011110001010000000010010011111110101000001001010110110100111000111110010110111110100001010011011001110000000111010100010001101011000101001111111010100001110010001101000010001000111100000000000000000000000000000000000000000000000000000000000000000
0000110001111100111001111000010011010111011011101010100000000001011100110001001100110000111010100011110010010110101001000111110101111111011011111101011101101110111010111111100000001100011111000000000000000000000000000000000000000000000000000000000000000000
1100111001000010110001110111101111110001110000011100000100110100111111101011011100110110101110101111100011111000000011110111011000110000111101011111000111000001000010010011100111001110010000100000000000000000000000000000000000000000000000000000000000000000
1011011101110101111001001011000010001111110000101011000010001101100010000011101001101011011100101101110000000111000001111111100000111111010011111000111111000010010100111100010110110111011101010000000000000000000000000000000000000000000000000000000000000000
1111111111101111011100111100010101100000010111110100001011000000110111010111000000010011100110101110110001110101101111010010111100100010100111110110000001011111100011000010101011111111111011110000000000000000000000000000000000000000000000000000000000000000
0101111110101001010000010101110000000010000000001111000011000010101011010110101101000011010111000001110011110101101011110110101111110010110000100000001000000000000111101111010101011111101010010000000000000000000000000000000000000000000000000000000000000000
0100100110010100010001010110011110011100000100000000001100011100110101101001100011011001011101111001000011100011010010101000100010011111000011001001110000010000000011001111001101001001100101000000000000000000000000000000000000000000000000000000000000000000
1001110000110001101001001011111110001001000111100001010100111000000000000001011100101101101000011011000110010000100010010000100110011100001001101000100100011110001110001000111010011100001100010000000000000000000000000000000000000000000000000000000000000000
0110000000010101110101001101010110011010101110001100000001000010001110101110111101001110011011010010111001111000101000000101011101011010111110101001101010111000101101001100000001100000000101010000000000000000000000000000000000000000000000000000000000000000
1001010011000011110110001001101010010000001001001111111000001011111110101110110001001000101111101101110001111101011010101100100001101110001011111001000000100100010011000101100110010100110000110000000000000000000000000000000000000000000000000000000000000000
1011001011110000000010101100100001100100000101010101101010001011100011000110111001101110110111011101110000101101111010000111101100111110100111100110010000010101101110000011100010110010111100000000000000000000000000000000000000000000000000000000000000000000
0000000101000011110110111010110101000000111111111001110001111001110111011100010110011011010100101001101000010001100111010011101011011100100001100100000011111111110110101110111000000001010000110000000000000000000000000000000000000000000000000000000000000000
1011000001111010111101010010101011010000001110100011010010110101010101001111010100100101000100001001010101101010100001001100111111100100100011111101000000111010010001010101000010110000011110100000000000000000000000000000000000000000000000000000000000000000
1110011100100110110101111000110111000110000001011000000100010000101000000011001100010001100010001111011010101110011001100011011001000111000101011100011000000101001100001010101111100111001001100000000000000000000000000000000000000000000000000000000000000000
0000101100000011000011110011100111010011010111011011100101010101011000010000101111011100011001001101011101100111101100100101011001101010000010001101001101011101000001000011101000001011000000110000000000000000000000000000000000000000000000000000000000000000
0110010111100000001000011111010111110001000110010001110111111101100010010000010011010000111011001011010100001100011110000001110111101100111001001111000100011001010001000001010101100101111000000000000000000000000000000000000000000000000000000000000000000000
1011010011111100111101011111100111010011001110111000101000110101111011011111001000100110110000101001001000111110001111101100100101011001000011101101001100111011010000010000010110110100111111000000000000000000000000000000000000000000000000000000000000000000
0110000010101000011110001011000100101001101111100001000101110001010110000110011101010001000011110011000110100111011100011101100100111000110011110010100110111110000110000001100101100000101010000000000000000000000000000000000000000000000000000000000000000000
0111110010001010101110011111010001001011011110011110011101000000110100001011001111110010100011011000111000000111100110111100101010101100001110010100101101111001110001010111111001111100100010100000000000000000000000000000000000000000000000000000000000000000
0111101101101001111000011100000111000010000001110100100001100111111100010000100100100011110001100101100010101111001100110000111010001010011000001100001000000111100110101010100001111011011010010000000000000000000000000000000000000000000000000000000000000000
1010100111110000110100001010011000010111011010110100100101000110111101111101110111000111110011010110111000111101111000001011011001011110001011010001011101101011011110010101011010101001111100000000000000000000000000000000000000000000000000000000000000000000
0111011100101000101100110011001110001011001101100001010001110010111010000110110000111000000001010100111100101101011000110101101010011111010001001000101100110110110001000001101101110111001010000000000000000000000000000000000000000000000000000000000000000000
1001100010100001000111110000011001010001100001101100010101110100000011000101001101001110100000001101011000100001010111011101010110010100111100100101000110000110100001111010011110011000101000010000000000000000000000000000000000000000000000000000000000000000
1000010001110111011000000100010010000110100110000000001011011101000000000011001011100110110111000110001010101011100001101010101010000100010001011000011010011000111001000011001110000100011101110000000000000000000000000000000000000000000000000000000000000000
1000110010100110101000111000000001011010111011111101011001100000000000000010100111111001011011110111010111001001010110101100011010001100100011110101101011101111001011110010011010001100101001100000000000000000000000000000000000000000000000000000000000000000
1111101000111000111101001011111011111100111010101100001101000011110001011001000100001000010101001111001001101100001110010111101100111111101010011111110011101010000011101000011011111010001110000000000000000000000000000000000000000000000000000000000000000000
1100011100100110110000111110011110110011110100111000011010101100111100100101100101110000001101001011011100010010010000011000101000110101011111111011001111010011000001001100000111000111001001100000000000000000000000000000000000000000000000000000000000000000
1110011010011011000110001110110010111111000001011001110000010000110001011000111010100111111010010100000101110010011110101000101100100011000101011011111100000101111111100111011111100110100110110000000000000000000000000000000000000000000000000000000000000000
1110100101110111110000010011110001011010101011001001011010111000001001010110001110011011100100000111001011100111011111111100111111001100000101000101101010101100001010000100101111101001011101110000000000000000000000000000000000000000000000000000000000000000
1000001000100111111001110101100011011000001101110011100100000011011000110001001100111111011011111011110101001000101110110010010011100001001101001101100000110111011001010111111110000010001001110000000000000000000000000000000000000000000000000000000000000000
0101011011100001000101010011010110011000001111000101110110100110100100110111101110001101000010011101101111101000000010110100011111000101100110101001100000111100010000111101010001010110111000010000000000000000000000000000000000000000000000000000000000000000
0110010000101110111001000101101010010110110011100100011110100011101101010100001101110010100101000001011010111010001000111000110111010001011011011001011011001110100000000111010001100100001011100000000000000000000000000000000000000000000000000000000000000000
1010100111000011001100001001000000101110011000101011010000011010001100111011101100011110111100101011011100110001000111011101100110011010011110000010111001100010100110010101001110101001110000110000000000000000000000000000000000000000000000000000000000000000
0000001001010010011100011100000110010011110000010000100001000101100110011101011011100010000000001110000001010010000010100001011110011011100001001001001111000001011100111001001100000010010100100000000000000000000000000000000000000000000000000000000000000000
0100000101101011011111000001001110011100111111100110011010110111101110110010001011100000111011011010000110000110001001111101110011111010010010011001110011111110001111010111100001000001011010110000000000000000000000000000000000000000000000000000000000000000
0010000110101001111011011101100000010110000000111100010011110011111100110101100111111011110110111101101001110010111001010101101011010010111100000001011000000011110011000111000100100001101010010000000000000000000000000000000000000000000000000000000000000000
1010001111000100000001000001010000111101010000010111000001110111111011101111001000111001010101011001101010010001110100111011001101001101001101100011110101000001101001111101000010100011110001000000000000000000000000000000000000000000000000000000000000000000
0010110000010001110111001000001100001011101111111110001000011010110001011011010011010111001111001111101100101101110011100000101111101001101001010000101110111111111100001001001000101100000100010000000000000000000000000000000000000000000000000000000000000000
1110000100100100101100111011010111110011000010110011000101110011001000110101110001000000101111101010000110011010110100000101011111000010011110001111001100001011010100101001000111100001001001000000000000000000000000000000000000000000000000000000000000000000
121	132	133	116	120	139	123	123	133	132	134	136	109	119	120	114	124	143	126	126	122	134	108	142	139	120	125	122	130	127	120	147	133	133	106	145	125	109	134	129	126	105	128	127	133	127	134	118	125	135	113	138	129	119	119	128	130	137	132	124	128	130	130	117	127	127	128	135	121	123	136	116	125	125	131	124	126	132	138	126	125	135	127	132	135	120	125	127	111	125	128	140	140	126	117	111	121	122	120	131	120	127	139	130	128	116	128	128	118	117	126	121	131	123	129	117	139	130	132	116	126	117	114	134	138	138	139	127	100	97	109	98	103	106	104	87	101	82	108	84	92	109	90	100	102	89	88	97	91	83	103	104	87	90	87	91	92	101	91	92	96	94	93	98	93	88	100	91	90	88	95	111	99	91	102	117	111	100	106	84	86	105	91	85	101	103	99	100	81	97	96	93	98	100	105	91	99	106	99	98	88	93	101	101	100	89	82	112	94	94	89	82	104	103	101	103	98	82	85	96	100	94	100	86	95	95	103	98	84	82	105	99	98	77	81	84	84	101	92	94	84	103	99	96	90	94	98	96	91	103	98	91	101	100	105	100	
min: 77
max: 147