1101000101011110101011010110000101100011101111110111001100000000110000011110000111001110110111100001111110000000101000100101111000010000101111110110001110111111011111000011111111010001010111100000000000000000000000000000000000000000000000000000000000000000
0111000100001111011111010010000010010011111011111000001110010000011000010111000011101110110011111001111111000000111100101001111100010000011111111001001111101111000011000010111101110001000011110000000000000000000000000000000000000000000000000000000000000000
0110000100110111011101001101000011001010010001110101101011011001111100011010100110111110100101111101111110100000001110111110111010010000100111101100101001000111000101011110011101100001001101110000000000000000000000000000000000000000000000000000000000000000
1010100011011011100111000100011111010100100011000101010010010011001010001100010001001000110010111110000000010000111111000100100010000000000111111101010010001100001101001001110010101000110110110000000000000000000000000000000000000000000000000000000000000000
0100110010100001000100011110101111101101010000101001110100100101001111001100011011111100101010011011000000001000110100011000010001110000011001111110110101000010010111010100101001001100101000010000000000000000000000000000000000000000000000000000000000000000
0101001010010010010000110000000111011001100111111011000111110100001110101111100110011010100111101100100000001100111000110110011001101000011010111101100110011111000100011001001101010010100100100000000000000000000000000000000000000000000000000000000000000000
0011101111011001100010100010011011010101111100011100100111101110001001111100011001011111110101110110010000001110111100100011011100011100000111111101010111110001101100011111111100111011110110010000000000000000000000000000000000000000000000000000000000000000
0111100000100100000010001110010111010010110011101000110010101110001001100100010011011010001010111010001000001111111101001000101001011110011000001101001011001110011100001100000101111000001001000000000000000000000000000000000000000000000000000000000000000000
1101100111100100010010101000011001010010011011010010110100001101101001101000010000011000111010111100000100001111111101001110100101111111011000000101001001101101100100110110001011011001111001000000000000000000000000000000000000000000000000000000000000000000
1111011011110011010100101100111110010100101111000000101100101011011010010110010011000110011100110011000010000000111111011101100010011111100101111001010010111100101001000011110011110110111100110000000000000000000000000000000000000000000000000000000000000000
0111100001110000010100000000100000000000101110001101100000111000101000001111000001010000101100000010100011000000101000000100100011011000100000000000000010111000001010000111100001111000011100000000000000000000000000000000000000000000000000000000000000000000
1011110010111000001000110010110001100011011101000010111100110100111100001111100001000000010110001111110011100000100100111000110001001100010000000110001101110100100111111001010010111100101110000000000000000000000000000000000000000000000000000000000000000000
1101011010100100100001000110101001010000110111100101111010001110110110001111010011010100101101000000001000010000100010000010101000001110010100000101000011011110010100101100111011010110101001000000000000000000000000000000000000000000000000000000000000000000
0000111100110110000101001100111100010100111100010001011111001001000011000000111000000000001111100000111100001000000110001111111100000011001110000001010011110001000110111111100100001111001101100000000000000000000000000000000000000000000000000000000000000000
1000001010110001100100100011011000010000000010111001100010110111000010100000110110000010001111010000000010001100000110100000011010001000101111000001000000001011000100001000011110000010101100010000000000000000000000000000000000000000000000000000000000000000
1100111011111010010100001011110100011110000000011101101111111001000010110000001001001110101111001000000001000110000101010000001111000101111110000001111000000001100111100100011111001110111110100000000000000000000000000000000000000000000000000000000000000000
1010010000011111111001000111101100000010100000111010011100011110000000011000001011100110111110000100001011100111000000110000000110100101100111010000001010000011010000000110010010100100000111110000000000000000000000000000000000000000000000000000000000000000
1010000110110000000111101111111000000000100111110010000101101111100000000100000000011110011000011011111111010001100000001101111100100001111100000000000010011111101111110100111010100001101100000000000000000000000000000000000000000000000000000000000000000000
1101100110111001100010010111001110000000111000000001100100111001010000000110000000001001100100111101000000101010110000001000000010011001110110011000000011100000010100001100101011011001101110010000000000000000000000000000000000000000000000000000000000000000
1110110010100100010001001110000001100000101100000010110000000100101000000001000000100100010100001100100011110100110000001010000001001100101101000110000010110000101010000100010011101100101001000000000000000000000000000000000000000000000000000000000000000000
0101001001011110000001101111100010100000101110000010001011101110110100000000100010100110010000001111010000011110011100001011000010000010010101101010000010111000010101001010011001010010010111100000000000000000000000000000000000000000000000000000000000000000
0111110101000001001001111100011010100000101110000000010111111101110110000000010010000111011111101111101000111111011110001011110010100101010001011010000010111000010110101000011101111101010000010000000000000000000000000000000000000000000000000000000000000000
1111101111110100001001100111000100100100101111101001101101001000010001000000001000000010110011111111100100111011011000001011110010111111111101100010010010111110110111011000010111111011111101000000000000000000000000000000000000000000000000000000000000000000
1100101111111010100101010111101101011100000000100101110111111001110010100000000111001001011110010000001010000011100101100000001100000001111110110101110000000010010111101000000111001011111110100000000000000000000000000000000000000000000000000000000000000000
1110110010010011100011010101000111100001000000001110000010010011111011010000000001101100010100011000000011000010000011000000000000000001100100111110000100000000011000011100001011101100100100110000000000000000000000000000000000000000000000000000000000000000
0111101011001000100101110010100000101111000000101110111001001011101110111000000110111000001010101100001011100010100101001000001111000001010010010010111100000010111011011110000001111010110010000000000000000000000000000000000000000000000000000000000000000000
0100011110011000110011111000100010101000000000001001011111011000011110000100000001100111100010000010000000010000110100000100000000111111110110001010100000000000100010000001000001000111100110000000000000000000000000000000000000000000000000000000000000000000
1000010000110100001100001110110001100100110000001111010011010100000101000010000001010100001011001101000000011000011100001110000010010000000101000110010011000000101101001101100010000100001101000000000000000000000000000000000000000000000000000000000000000000
0000011000011010000001000001111000011010000000000000001000001010000111100001000000011110000111100001100000000100000001000001000000011000000010100001101000000000000000100000010000000110000110100000000000000000000000000000000000000000000000000000000000000000
0000110100000001000011000000011100011101000000000000010100001001000101010000100000010001000001110001110000000110000010000000100000011000000010010001110100000000000000010000011000001101000000010000000000000000000000000000000000000000000000000000000000000000
0010110101000100011110100010010101001001010110000110001101100000000001110111110000110011011111010001111000111001010011100010010000101010001110000100100101011000010101110110000100101101010001000000000000000000000000000000000000000000000000000000000000000000
1010110110000011101110110010011000001011100111100010011010100111100000001011101010110000101110000001110100111011100010110010010000101101001110010000101110011110000101101010010110101101100000110000000000000000000000000000000000000000000000000000000000000000
1100011110010000111111000001011011000100101111100000110000010001000011110011111100111000101010001111111100111000110010111000000111001000101011111100010010111110001110111000011011000111100100000000000000000000000000000000000000000000000000000000000000000000
1010000010011110000011111001000010000000100011110010000111110001000000011110000010001111000111110010111110000001100000010110111110100001011111101000000010001111101011110000111010100000100111100000000000000000000000000000000000000000000000000000000000000000
0001100011001111111100100001011001000010100110000101101110000110000000011101000110110000100011101010100001000001010000110100100100011001000111100100001010011000111010101101100100011000110011110000000000000000000000000000000000000000000000000000000000000000
0000101111101001010001001101110101110011110101000001100000100100011000000001100100110111000010010011110011100000000100111100110101101011111100000111001111010100010011110011010000001011111010010000000000000000000000000000000000000000000000000000000000000000
1000111011010011101101000100110111011000100011100100011010011001000100001100010001101100110000111110001000010000110010000100101010011110000101111101100010001110001110101001111010001110110100110000000000000000000000000000000000000000000000000000000000000000
1011001101101110010000001000101100101100110111011010011110111001001110000000101001101100010101101101111100111000000101001101011110001011011001000010110011011101111100111110010110110011011011100000000000000000000000000000000000000000000000000000000000000000
1001100110110001100110000010110100010110000110001000111110100110000000000000111110001110001101010001011110000100000101100001011110011001101111100001011000011000000000011001110010011001101100010000000000000000000000000000000000000000000000000000000000000000
1101110111111000010101111011110000010110000001101100010111110001000011100000111101000001101110101001110001000010000110000000100111010011111101110001011000000110100010100100010011011101111110000000000000000000000000000000000000000000000000000000000000000000
0111000100100011001010100001110110000101000111111111011100111111000000110000001110101111000000101101111000100001100001100001110001110010001000001000010100011111010110110011111001110001001000110000000000000000000000000000000000000000000000000000000000000000
1110000011101111110111000010000111000010000111101010001101110000100000011000000100011110001111111111111011010000010000111001111101100001011011101100001000011110001111001100111011100000111011110000000000000000000000000000000000000000000000000000000000000000
0111100010101001101101001010111011100011111111110101101100010111110000000100000101010111010100010010111111111000001000111011111010111000111010001110001111111111110011000000011101111000101010010000000000000000000000000000000000000000000000000000000000000000
0000110010110100010101001010000001110000101000001101110011110100101000001110000000100100000000000010100010110100110100000100000010101100010101000111000010100000010110000001010000001100101101000000000000000000000000000000000000000000000000000000000000000000
1001101010110110000011010011000001101011011110000000000100111110111100001111000001100110010010001111110011111110100110111000100001101010010001100110101101111000100101111000011010011010101101100000000000000000000000000000000000000000000000000000000000000000
1101010110111101100000110110111001010100110111000101100110010001110110001111000011010111101100100000001000001111100011000010110000001101010011010101010011011100010101101101001111010101101111010000000000000000000000000000000000000000000000000000000000000000
1000110101001100110001001000001001000110110010000100011101111100100011001111100010000010010010100000111100000110110010100011000000000001101101000100011011001000010010011100111010001101010011000000000000000000000000000000000000000000000000000000000000000000
1101011011110111100010000110110001000001000111000101100111101001110011100000001011001001011100000001111110000111100011110001111000011000111101010100000100011100010111101001101111010110111101110000000000000000000000000000000000000000000000000000000000000000
1010110111011011100100110001110100111110100000011011100001011001001010110000001110101101100111000000000001000111000101011000001010000110110110000011111010000001001111101100011010101101110110110000000000000000000000000000000000000000000000000000000000000000
1001001100110000101000000101000110110011010000001011001011110001100100101000000100010011000100011000000000100001001000011100000100000001101100011011001101000000001100110110000110010011001100000000000000000000000000000000000000000000000000000000000000000000
1010100111011000010111101011011001101000101111110011100100100111111110000100000000110110000010011001111111010001100100001111111101010001100110000110100010111111111101110110111010101001110110000000000000000000000000000000000000000000000000000000000000000000
0001010010010100001100111011110010000111010100000100011111100100110101000010000010110100111011001010000001111000010100110111000011000000101101001000011101010000001001110010100000010100100101000000000000000000000000000000000000000000000000000000000000000000
1101111010101010010001001110011001101010101110000000101000000010101111100001000000101110010111101111000011110100110101001010100001100000101110100110101010111000100110100100110011011110101010100000000000000000000000000000000000000000000000000000000000000000
0100001101001111000010001110010110111011101101000011101111110011110000110000100010110011010100011111000000011110011110001011110010000000010001111011101110110100010010111010101001000011010011110000000000000000000000000000000000000000000000000000000000000000
0111100111000110101000001101101100100101001000101000001101100000110111111000010010000101111110011111110000111111111110101010011010100110010000100010010100100010110110010001110101111001110001100000000000000000000000000000000000000000000000000000000000000000
1101010100001011010101100011011010000011000000111101110100110110100010110011111011010101001101010000000000111110000010000011110101011110001101011000001100000011100000110011110111010101000010110000000000000000000000000000000000000000000000000000000000000000
0100100111011011001101100111101101111100101000111111111010011001110010111110000101001010110110000000001100000011101101110100001010000010001110100111110010100011011111111010000001001001110110110000000000000000000000000000000000000000000000000000000000000000
1110110011100010100111111101000011110000001100110011000000000000001011001101000101101111111000111000001100000001110111001110001011000000001100111111000000110011011100110011001011101100111000100000000000000000000000000000000000000000000000000000000000000000
1110001001011000011001010110111111011000111101111010100000110110100100101001100110111101100110000101111111000000010010100110111001110000110000011101100011110111100001110011011111100010010110000000000000000000000000000000000000000000000000000000000000000000
0100100000100100000011001100100001100100111011000101010011001100011110000000010001101000001001000010000000000000000111001110100000110000001000000110010011101100010001001110110001001000001001000000000000000000000000000000000000000000000000000000000000000000
0110110000111010110000101111110001111110110001100000011011010110000101000010101010111100001110101101000000000000011010101110110001111000000100000111111011000110101011101100011001101100001110100000000000000000000000000000000000000000000000000000000000000000
0000101000010111000000010001001000010011000001010000011100001101000111100001111100010010000101110001100000000000000011010001101000010100000010000001001100000101000010110000010100001010000101110000000000000000000000000000000000000000000000000000000000000000
0010010110101011000110010001100110111000100010100110111000100110111100110000011110100001100100111000010000111000010010111000110111010110101011001011100010001010001111001011001000100101101010110000000000000000000000000000000000000000000000000000000000000000
0110111001001000011110100110100111001010000110011010001100101110000001110111111110110000011100001101111000111000110011010110011001101001001101111100101000011001000101000010000101101110010010000000000000000000000000000000000000000000000000000000000000000000
1100000100100001110001010010001100000010100000000010000011000011110001111010001100100100110000011110000111100010111001110110000000000000000000000000000000000000000000000000000000000000000000000000011010000010111000011110001011100011011000101100011110100011
0110000001010000011001000101000010000010110000000111000100000010111001101001000001110101000000100001000101010010100101111001001000000000000000000000000000000000000000000000000000000000000000001000011011000000000100010101001010010011100100101110011010010000
0011000011101000101101010000100011000010111000001101100101010010011101111110100001011100101100101110100110111010101011101011101000000000000000000000000000000000000000000000000000000000000000000100011100000000111010011011101000101011010110100111011111101000
0001100000111100001110000000111100100000000100001100110000010000000110000001111111101100001000111101010000101100110101000000111100000000000000000000000000000000000000000000000000000000000000000000000000100011110101000010110011110100001111000001100000011111
0000110000011110001111000010011000110000000010000000011111000100000011000010111000110111111111000000101111011010000010111110101000000000000000000000000000000000000000000000000000000000000000000000000000110000000010111101101000111011110100100000110000101110
0000011000001111001111100000001100111000000001000001101100101010000001100000011100100011001001100001110100100101000111010010110100000000000000000000000000000000000000000000000000000000000000000000000000001000000111010010010100100101001000010000011000000111
0000001100000100000010110000011010000100000001100000000110000011100011110000000000001001100000010000001010000111100011101000001100000000000000000000000000000000000000000000000000000000000000001000110000000100000000101000011110000110100000011000111100000000
0000000110000011000000111000000111000010000000010000000101000000110000011000000000000011010000100000000011000011110000001100000000000000000000000000000000000000000000000000000000000000000000001100000000000011000000001100001111000010110000101100000110000000
1000000011000001110000111100001000100001000000100000000110100000111000101100000001000010101000111000000101100001111000110110000000000000000000000000000000000000000000000000000000000000000000000110001000000001100000010110000110100000011000111110001011000000
0100000001100000111000010110000011110001100000000100000101010001000100001110000011100000010100010000000100110001010100011011000100000000000000000000000000000000000000000000000000000000000000000101000010000000000000010011000111110000101100010001000011100000
1010000000110000100100000011001001001000010000011010000111111000110110000111001110010001111110100000000111001000011110011000101100000000000000000000000000000000000000000000000000000000000000000111100001000011000000011100100001001001100010011101100001110011
1001000000011000010100001011101000010100001000011110000000100100010001001001101100100000100001100111000000111100101001001011111100000000000000000000000000000000000000000000000000000000000000001101010010000011011100000011110001100100000111010100010010011011
0111100000001100010110111101111100011110000100001010100000000110010001011100111110001011110101011101000000001010111011011100100100000000000000000000000000000000000000000000000000000000000000000011110111000011110100000000101011001110000110100100010111001111
0111110000000110011110011100110100001111000010001010010000011111011101101100010110100001110101001101100000011001110100101101101000000000000000000000000000000000000000000000000000000000000000000000101011000011110110000001100111010111000100010111011011000101
0111111000000011111110111100010000000111100001001010110000000011111111000100000000101001110001001101001000000000010100000100001100000000000000000000000000000000000000000000000000000000000000001000001001000011110100100000000011010101100001001111110001000000
0111110100000001001111101101110010000010010000101010111000000011101111001001111011101101110111101101001100000010000100101001110100000000000000000000000000000000000000000000000000000000000000001100000110011111110100110000001001010001010000001011110010011110
0000000010000000011000000000000111000001111000010000000100000001101000011110000001100001100000000000000110000001101000001110000100000000000000000000000000000000000000000000000000000000000000001010000101100000000000011000000111000000011000001010000111100000
1000000011000000010100001110000101100000111100011000000100000000001100000001000001010001001000010000000111000000101100010001000000000000000000000000000000000000000000000000000000000000000000001011000011010000000000011100000001100001001100010011000000010000
0100000011100000000111110011000000110000011110001100000011000000001011110100100010011111000100001000000000100000111011111000100000000000000000000000000000000000000000000000000000000000000000000110111110101000100000000010000010110000010110000010111101001000
0110000011110000101110110111100000011000001111001100000011110000101000110100010000011011011110001010000000000000011000111011010000000000000000000000000000000000000000000000000000000000000000001100001110110100101000000000000010111000001111001010001101000100
0111000000001000010111011100101100001100000111101010000000010000010100011101010110001101110100111101000000011000111100011100010100000000000000000000000000000000000000000000000000000000000000000010000111011101110100000001100011011100000001100101000111010101
0111100000000100010010101101011100000110000011111010000000000100010011001101100010010010110101111101100000000000111011001101110000000000000000000000000000000000000000000000000000000000000000000011010011011100110110000000000011011110000011110100110011011000
1111110000000010111100100100010000000011000001111010100000011110111100010100001110100110010110000101010000011100010110010101110100000000000000000000000000000000000000000000000000000000000000000000110101000001010101000001110001010111000110111111000101000011
1011111000000001101111001001110000000001100000110010111000000000101111010001111100101100100111011001000000000001100100110001111100000000000000000000000000000000000000000000000000000000000000000000001100011110100100000000000110010001100000101011110100011111
0001111100000000000111011010001110000000110000101110110000000000100111010110000111101110101000111111001100000000011100010110000100000000000000000000000000000000000000000000000000000000000000001000001001100001111100110000000001110011110000101001110101100001
1001000010000001010101110111000101000000011000001000000110000001000101110001000101000110011100010001000100000000100101101001000000000000000000000000000000000000000000000000000000000000000000001000011110010000000100010000000001010001011000000001011100010001
0010100011000001000011110000100101100000001100001101111000000001011011110011100111111001110010011111011011000000101100010011100000000000000000000000000000000000000000000000000000000000000000000100011111111000111101101100000010010110111100000110111100111001
0111010011100001110000110010010100010000000110001111000111100001110100110011110101000110001001011000010100000000001000101101110000000000000000000000000000000000000000000000000000000000000000001010011111011100100001010000000010010101000110001101001100111101
0101101011110001111001010000001100001000000011001110000111100001111011010000111101011110000100111011101100010000000011001110111000000000000000000000000000000000000000000000000000000000000000001011011111111110101110110001000010110011000111001110110100001111
0100110100001001110011101111111000001100000001100110000100010001110000101111100011100010111001100010110000011000101000111110100100000000000000000000000000000000000000000000000000000000000000001000111111110001001011000001100000100000000111101100001011111000
0100011010000101110010110100000100001110000000110001000000011101110001010100001010011101110110010101011010011000110101010101111100000000000000000000000000000000000000000000000000000000000000001000001111000111010101101001100001011000100110111100010101000010
1000001111000010100000111100011000000001000000011100000010000000100000101100011111000000100001000100001101000010010000100100011100000000000000000000000000000000000000000000000000000000000000000000000100000101010000110100001001000010010000111000001011000111
0000001111000011010000010100001000100001000000110000001110100001011000000100000101000001001000000000000001100010011000111110000000000000000000000000000000000000000000000000000000000000000000000110001110000010000000000110001000100001011000010110000001000001
1000000100100001101001010110001111110010100000000001111111010011010101111110001100111011100100011001111011110010010010000011000000000000000000000000000000000000000000000000000000000000000000001101011011000010100111101111001001101100011100100101011111100011
1100000001010000101101011111001011001010110000011000000100111010011111110011001111110100100110000100000101101010111111100000100100000000000000000000000000000000000000000000000000000000000000001011111101100011010000010110101010001011101010110111111100110011
1010000011101000001111011001101011010110111000010111000101000110111010110111101111101100001101001101000110101110100110100011110100000000000000000000000000000000000000000000000000000000000000000100101110010011110100011010111000000111010011111110101101111011
0000000000111100001100000010010000111110000100000010100111100110000011100011010000011001111111100010100111011010001001111101001000000000000000000000000000000000000000000000000000000000000000000000111000001000001010011101101000010111110010100000111000110100
0000000000011110001111000001001000111111000010000000110111001111000000110001101000110001110000110000110111010001000011101101010100000000000000000000000000000000000000000000000000000000000000000000001100000100000011011101000100110010110110010000001100011010
0000000000001111101110010000100100111111100001000001110000101011100001101000110110100101001011010001110000100100100110101010011000000000000000000000000000000000000000000000000000000000000000001000011010000010000111000010010000100011101000001000011010001101
0111111000000100001110111100001010000110010001101010100100000101101111011000010011101100110000111101011100000001000101001000000100000000000000000000000000000000000000000000000000000000000000001100001110000000110101110000000101010001010001111011110110000100
0000000100000011011000101000000011000011111000011000001000011111101000010110000111100001100111001000001100011100001000110111111000000000000000000000000000000000000000000000000000000000000000001010000001100010100000110001110001000000111111011010000101100001
1111111100000001001011001110001000100001111100100110111101000000000011010001000010111100101000111001000001000001011000100101000000000000000000000000000000000000000000000000000000000000000000001111001000010001100100000100000110110001101100110000110100010000
0100000000000000000110011001000011110001111110000110000100000001111010000110100000111000100100010010000100000001100010010110100100000000000000000000000000000000000000000000000000000000000000001010100001101000001000010000000111010000111110011110100001101000
1010000000000000110101000010101001001000011111011101000111000000100111000101011110100101111010100111000111000000010011011001011100000000000000000000000000000000000000000000000000000000000000000011110001010111011100011100000000111001101111011001110001010111
1001000000010000010011101010001000010100001111111110100000101000010110101001110100110110100110100111100000111000101100101011010100000000000000000000000000000000000000000000000000000000000000001100101010001101011110000011100001101100000001110101101010011101
0111100000001000010010101101001000011110000111110101010000001100010101001100110101100110110101100010110000000100000000001100000100000000000000000000000000000000000000000000000000000000000000000010110011000101001011000000010000110010000110110101010011001101
1111110000000100110000100100111000001111000011111010101000011110110011010100000110010100010101000101011000011010011001110101111100000000000000000000000000000000000000000000000000000000000000000011000101000101010101100001101001011001000101011100110101000001
1011111000000010101101001000010100000111100001110010101100000010101100110000001000100001100001011001010100000000100110000000000000000000000000000000000000000000000000000000000000000000000000000000110100000000100101010000000010010010100001111011001100000010
0001110100000001100111001010010100000010010001001110111010000011100111101110000101101111001001111111001110000010011100000110001000000000000000000000000000000000000000000000000000000000000000001000001111100000111100111000001011110001110001101001111011100001
1001000010000001110100000111001110000001111000010111111001000000010100011001001000111110101100101110111011000001001011111101001000000000000000000000000000000000000000000000000000000000000000001100000100010011111011101100000101101111001000000101000110010010
1010100011000000100010001000100110000000111100011001000100100000000010000111100010110001011010010011100111100000100110010101100000000000000000000000000000000000000000000000000000000000000000001010000010111000001110011110000010111001000100010000100001111000
1011010011100001000001001110010000100000011110011001000111010001001001001001110100100001110101000010010100110000101101010100110000000000000000000000000000000000000000000000000000000000000000001001000001111100001001010011000000000101010010010010010010011101
0111101011110001001001010110001100010000001111001111000111111001001101010101111110101110011010111000101100001000110001001010011000000000000000000000000000000000000000000000000000000000000000000100111110101110100010110000100010011011001101000011010101011111
0101110100001001111011101111111000010000000111100111100100000101111111101110000011001010111100100010010000001100100001111110010100000000000000000000000000000000000000000000000000000000000000001010001111101001001001000000110000110100000100101111111011100000
0100111010000101111110110111100100000000000011110001010000000111111110110111011010100001111110110101101010000010111011110111000100000000000000000000000000000000000000000000000000000000000000001011010111110011010110101000001001011010100011011111101101110110
1111111111000010111100000000011000000010000001111110101010000001111100100000000111100101010001010001010101000011000110001000000000000000000000000000000000000000000000000000000000000000000000000000110111000011000101010100001100010111010001001111001000000001
1011111100100001001111100110001100000011000000110000111111000010001111010110000010001110100000001011000011100011001100101010001000000000000000000000000000000000000000000000000000000000000000001000001001000001101100001110001110110011111000000011110101100000
0001111101010000010111001100110010000001000000100011111110000001110111011100111001111100000111010010000011010001111000100100111100000000000000000000000000000000000000000000000000000000000000001100001010011110001000001101000110100001110100111101110111001110
1010111101101001010010110000100101000010000000000111011100010011000010010000100110010011011100111101100001111010011111100001101000000000000000000000000000000000000000000000000000000000000000001010011001100000110110000111101010011010011110100000100100001001
0010100011111101000111110011110101100000001000001010101000110001011111110001110110011101111100011000001011001100110101010010110000000000000000000000000000000000000000000000000000000000000000000101011111100000100000101100110011100010111011000111111100011101
0111010011111111110110110010111100010000000100001100011111110101110010110011111101101000001001011011001100001010000011001100101000000000000000000000000000000000000000000000000000000000000000001011111111000000101100110000101010100011000110101100101100111111
0101101011111110110110010001011000001000000010001110001010010011110100010001111001100001011110111011100001101101001100111000110100000000000000000000000000000000000000000000000000000000000000001000101111100000101110000110110110110000011001011101000100011110
0100110100001101110010001111011010001100000010001001110010010110010001001111111000011001011011011101000110011011110110000110100000000000000000000000000000000000000000000000000000000000000000000000100111110011110100011001101101011101100100110100010011111110
0100011010000110110010100100001011001110000000101001111001011111000001000100000000010010100110111101100011011001100110100001111100000000000000000000000000000000000000000000000000000000000000000100001011000110110110001101100100010110110110110000010001000000
0000000000000000000000000000000000000000000000000000000000000000000000010000000000100010101000000010001000100000110000001110000100000000000000000000000000000000000000000000000000000000000000000000000000000000000000000000000000000000000000000000000000000000
0000000000000000000000000000000000000000000000000000000000000000000000000100000011010001011100010101000000110001011000001101000100000000000000000000000000000000000000000000000000000000000000000000000000000000000000000000000000000000000000000000000000000000
0000000000000000000000000000000000000000000000000000000000000000000000001000000000101001010010011110100000101001001100001010100100000000000000000000000000000000000000000000000000000000000000000000000000000000000000000000000000000000000000000000000000000000
0000000000000000000000000000000000000000000000000000000000000000010000000000000000010100011011000011010001011100010110000011110000000000000000000000000000000000000000000000000000000000000000000000000000000000000000000000000000000000000000000000000000000000
0000000000000000000000000000000000000000000000000000000000000000010000000110100000001010010010100011101001110010010011000111101000000000000000000000000000000000000000000000000000000000000000000000000000000000000000000000000000000000000000000000000000000000
0000000000000000000000000000000000000000000000000000000000000000011010000111100000010001010110110010100101010111011011100111011100000000000000000000000000000000000000000000000000000000000000000000000000000000000000000000000000000000000000000000000000000000
0000000000000000000000000000000000000000000000000000000000000000100110000000010000000100100000101000000010001100100110110000001100000000000000000000000000000000000000000000000000000000000000000000000000000000000000000000000000000000000000000000000000000000
0000000000000000000000000000000000000000000000000000000000000000110110100111100100000111101111010100000110110010110110111111101100000000000000000000000000000000000000000000000000000000000000000000000000000000000000000000000000000000000000000000000000000000
0000000000000000000000000000000000000000000000000000000000000000011101010111100010000000101000010010000110101110111101011011100000000000000000000000000000000000000000000000000000000000000000000000000000000000000000000000000000000000000000000000000000000000
0000000000000000000000000000000000000000000000000000000000000000110100011000000011000000101100000011000000110000100100011110000000000000000000000000000000000000000000000000000000000000000000000000000000000000000000000000000000000000000000000000000000000000
0000000000000000000000000000000000000000000000000000000000000000111110010100000011000001110110001000100100011000010110010111000000000000000000000000000000000000000000000000000000000000000000000000000000000000000000000000000000000000000000000000000000000000
0000000000000000000000000000000000000000000000000000000000000000011001011000000000110000011001000010010001000100111101011001100000000000000000000000000000000000000000000000000000000000000000000000000000000000000000000000000000000000000000000000000000000000
0000000000000000000000000000000000000000000000000000000000000000011111100010000001101000011100100111011001000010000001100010110000000000000000000000000000000000000000000000000000000000000000000000000000000000000000000000000000000000000000000000000000000000
0000000000000000000000000000000000000000000000000000000000000000000101010011000001010100000011110101110100000111011010010011011000000000000000000000000000000000000000000000000000000000000000000000000000000000000000000000000000000000000000000000000000000000
0000000000000000000000000000000000000000000000000000000000000000100110101000010000000000011111100000011111110010100110001000011100000000000000000000000000000000000000000000000000000000000000000000000000000000000000000000000000000000000000000000000000000000
0000000000000000000000000000000000000000000000000000000000000000010101010011101000000001000000111000001011001101010101000011101100000000000000000000000000000000000000000000000000000000000000000000000000000000000000000000000000000000000000000000000000000000
0000000000000000000000000000000000000000000000000000000000000000101000110110000100000001000000011100000000100000101000011110000100000000000000000000000000000000000000000000000000000000000000000000000000000000000000000000000000000000000000000000000000000000
0000000000000000000000000000000000000000000000000000000000000000110100011011000010000001110000001110000100110000010100011111000000000000000000000000000000000000000000000000000000000000000000000000000000000000000000000000000000000000000000000000000000000000
0000000000000000000000000000000000000000000000000000000000000000101010011100100110000001101000001011000111101000111010000110100100000000000000000000000000000000000000000000000000000000000000000000000000000000000000000000000000000000000000000000000000000000
0000000000000000000000000000000000000000000000000000000000000000010011000001010000100000001000000011100000011100001011000110010000000000000000000000000000000000000000000000000000000000000000000000000000000000000000000000000000000000000000000000000000000000
0000000000000000000000000000000000000000000000000000000000000000000100100010001000100000001010000010110000111010011000100101101000000000000000000000000000000000000000000000000000000000000000000000000000000000000000000000000000000000000000000000000000000000
0000000000000000000000000000000000000000000000000000000000000000000111010011110100110000001011000011011000101001011001010101100100000000000000000000000000000000000000000000000000000000000000000000000000000000000000000000000000000000000000000000000000000000
0000000000000000000000000000000000000000000000000000000000000000000111011111101010000100000000101000011100000101100110011111100000000000000000000000000000000000000000000000000000000000000000000000000000000000000000000000000000000000000000000000000000000000
0000000000000000000000000000000000000000000000000000000000000000000001101100000111000010000000011100001110000010110001001100000000000000000000000000000000000000000000000000000000000000000000000000000000000000000000000000000000000000000000000000000000000000
0000000000000000000000000000000000000000000000000000000000000000100000000110000111100001000000000110000111000001011000010110000000000000000000000000000000000000000000000000000000000000000000000000000000000000000000000000000000000000000000000000000000000000
0000000000000000000000000000000000000000000000000000000000000000110000011011000110010010000000001101001001100000010100000011000000000000000000000000000000000000000000000000000000000000000000000000000000000000000000000000000000000000000000000000000000000000
0000000000000000000000000000000000000000000000000000000000000000111000000101100000111010110000000101101011110000110010000001100100000000000000000000000000000000000000000000000000000000000000000000000000000000000000000000000000000000000000000000000000000000
0000000000000000000000000000000000000000000000000000000000000000100100000010110011001101001000001101110100111000111001000100110100000000000000000000000000000000000000000000000000000000000000000000000000000000000000000000000000000000000000000000000000000000
0000000000000000000000000000000000000000000000000000000000000000011010000001001011011110000000001110011000001100011101100110001000000000000000000000000000000000000000000000000000000000000000000000000000000000000000000000000000000000000000000000000000000000
0000000000000000000000000000000000000000000000000000000000000000000000000000110100011101011110000001100101111110000011110000010100000000000000000000000000000000000000000000000000000000000000000000000000000000000000000000000000000000000000000000000000000000
0000000000000000000000000000000000000000000000000000000000000000000001100000011010010011111110001001010111111011000000011000101000000000000000000000000000000000000000000000000000000000000000000000000000000000000000000000000000000000000000000000000000000000
0000000000000000000000000000000000000000000000000000000000000000000000000000000101000000101111100100011110111111100000100100001100000000000000000000000000000000000000000000000000000000000000000000000000000000000000000000000000000000000000000000000000000000
0000000000000000000000000000000000000000000000000000000000000000011101011000010010000111000111100010000000010010011101111100011000000000000000000000000000000000000000000000000000000000000000000000000000000000000000000000000000000000000000000000000000000000
0000000000000000000000000000000000000000000000000000000000000000010100010100000000000001001100001111000110110000110100001010000100000000000000000000000000000000000000000000000000000000000000000000000000000000000000000000000000000000000000000000000000000000
0000000000000000000000000000000000000000000000000000000000000000001110011110000010000001001110010100100001111001111110010111000100000000000000000000000000000000000000000000000000000000000000000000000000000000000000000000000000000000000000000000000000000000
0000000000000000000000000000000000000000000000000000000000000000000001000111000011010001101101010000010011010101101001000101100100000000000000000000000000000000000000000000000000000000000000000000000000000000000000000000000000000000000000000000000000000000
0000000000000000000000000000000000000000000000000000000000000000010011100110100000100000011000100001111001010010010011100101010000000000000000000000000000000000000000000000000000000000000000000000000000000000000000000000000000000000000000000000000000000000
0000000000000000000000000000000000000000000000000000000000000000010111010110110001110100010100110100110101101011010111010111111000000000000000000000000000000000000000000000000000000000000000000000000000000000000000000000000000000000000000000000000000000000
0000000000000000000000000000000000000000000000000000000000000000111011101111111000010010010100100010110111011110111010101111000100000000000000000000000000000000000000000000000000000000000000000000000000000000000000000000000000000000000000000000000000000000
0000000000000000000000000000000000000000000000000000000000000000010110110011101100000100011111011000001110110011010110010011110000000000000000000000000000000000000000000000000000000000000000000000000000000000000000000000000000000000000000000000000000000000
0000000000000000000000000000000000000000000000000000000000000000001110100110010010000000011111101100011101010001001110010110011000000000000000000000000000000000000000000000000000000000000000000000000000000000000000000000000000000000000000000000000000000000
0000000000000000000000000000000000000000000000000000000000000000011001010010100011000000010000010110000110111110111001011010100000000000000000000000000000000000000000000000000000000000000000000000000000000000000000000000000000000000000000000000000000000000
0000000000000000000000000000000000000000000000000000000000000000011010011000100110100001100000000101000101001000001010000100100100000000000000000000000000000000000000000000000000000000000000000000000000000000000000000000000000000000000000000000000000000000
0000000000000000000000000000000000000000000000000000000000000000001111011011010000110001110000000111100100111100100111011011010000000000000000000000000000000000000000000000000000000000000000000000000000000000000000000000000000000000000000000000000000000000
0000000000000000000000000000000000000000000000000000000000000000011110111111001011001000011010001101110001011010111010111111001000000000000000000000000000000000000000000000000000000000000000000000000000000000000000000000000000000000000000000000000000000000
0000000000000000000000000000000000000000000000000000000000000000011101010010010100110100001000000010101000010101000011010100110100000000000000000000000000000000000000000000000000000000000000000000000000000000000000000000000000000000000000000000000000000000
0000000000000000000000000000000000000000000000000000000000000000000101111011011011010110000011101101111100000001111010111011001000000000000000000000000000000000000000000000000000000000000000000000000000000000000000000000000000000000000000000000000000000000
0000000000000000000000000000000000000000000000000000000000000000000110110011101111000111011111101100000011110001110110010011100100000000000000000000000000000000000000000000000000000000000000000000000000000000000000000000000000000000000000000000000000000000
0000000000000000000000000000000000000000000000000000000000000000000101010101101011100001100000111110001001001100111101000101101000000000000000000000000000000000000000000000000000000000000000000000000000000000000000000000000000000000000000000000000000000000
0000000000000000000000000000000000000000000000000000000000000000110000001111000100010010010000011001001101100000010100100111000000000000000000000000000000000000000000000000000000000000000000000000000000000000000000000000000000000000000000000000000000000000
0000000000000000000000000000000000000000000000000000000000000000110000011001100011111001101000000111100101010000011010011101100100000000000000000000000000000000000000000000000000000000000000000000000000000000000000000000000000000000000000000000000000000000
0000000000000000000000000000000000000000000000000000000000000000110100011111110001101110101100000100111011111000011001000101110100000000000000000000000000000000000000000000000000000000000000000000000000000000000000000000000000000000000000000000000000000000
0000000000000000000000000000000000000000000000000000000000000000010000000010001000101110001010000010111000010100001111100101001000000000000000000000000000000000000000000000000000000000000000000000000000000000000000000000000000000000000000000000000000000000
0000000000000000000000000000000000000000000000000000000000000000000100000010100100100101001011000010110100111110011011110101000100000000000000000000000000000000000000000000000000000000000000000000000000000000000000000000000000000000000000000000000000000000
0000000000000000000000000000000000000000000000000000000000000000000100100011110010110111100011101000111110001011011011011101100000000000000000000000000000000000000000000000000000000000000000000000000000000000000000000000000000000000000000000000000000000000
0000000000000000000000000000000000000000000000000000000000000000000111010111101101000110010001110100011001000000100110110011100100000000000000000000000000000000000000000000000000000000000000000000000000000000000000000000000000000000000000000000000000000000
0000000000000000000000000000000000000000000000000000000000000000100001101000000100100011101000010010001010100010010001010110000000000000000000000000000000000000000000000000000000000000000000000000000000000000000000000000000000000000000000000000000000000000
0000000000000000000000000000000000000000000000000000000000000000010000001000000001010010111100011101001101110000101000010001000100000000000000000000000000000000000000000000000000000000000000000000000000000000000000000000000000000000000000000000000000000000
0000000000000000000000000000000000000000000000000000000000000000001000010100000001001010000010000000101010001000101100001110100100000000000000000000000000000000000000000000000000000000000000000000000000000000000000000000000000000000000000000000000000000000
0000000000000000000000000000000000000000000000000000000000000000011100011100000011000110110011001010011000001100010110011011110100000000000000000000000000000000000000000000000000000000000000000000000000000000000000000000000000000000000000000000000000000000
0000000000000000000000000000000000000000000000000000000000000000100010000010100000110011000110100010001100011010111111000101101100000000000000000000000000000000000000000000000000000000000000000000000000000000000000000000000000000000000000000000000000000000
0000000000000000000000000000000000000000000000000000000000000000010001000000010011101001000000111101000100110011010110100111101100000000000000000000000000000000000000000000000000000000000000000000000000000000000000000000000000000000000000000000000000000000
0000000000000000000000000000000000000000000000000000000000000000100001100000111000010000111111101001010011111110100010010000000100000000000000000000000000000000000000000000000000000000000000000000000000000000000000000000000000000000000000000000000000000000
0000000000000000000000000000000000000000000000000000000000000000110000010000011000010001101111110101011110111111110001101000100000000000000000000000000000000000000000000000000000000000000000000000000000000000000000000000000000000000000000000000000000000000
0001111100000001101000000010100110101111101010011101111000100000000000000000000000000000000000000000000000000000000000000000000000000000000000000000000000000000000000000000000000000000000000000000000000000000000000000000000000000000000000000000000000000000
1000001111000000001111110111000010111111001100001110001100110000000000000000000000000000000000000000000000000000000000000000000000000000000000000000000000000000000000000000000000000000000000000000000000000000000000000000000000000000000000000000000000000000
1000000000000000010110001010100010011000110010001011000001111000000000000000000000000000000000000000000000000000000000000000000000000000000000000000000000000000000000000000000000000000000000000000000000000000000000000000000000000000000000000000000000000000
1100001111010000011001001100010010000100100101001101101111110100000000000000000000000000000000000000000000000000000000000000000000000000000000000000000000000000000000000000000000000000000000000000000000000000000000000000000000000000000000000000000000000000
1111001111100000000110101011111011101010111101101111111111101010000000000000000000000000000000000000000000000000000000000000000000000000000000000000000000000000000000000000000000000000000000000000000000000000000000000000000000000000000000000000000000000000
0101101111011100001101110011001100111111011111110101110111000001000000000000000000000000000000000000000000000000000000000000000000000000000000000000000000000000000000000000000000000000000000000000000000000000000000000000000000000000000000000000000000000000
1001100000000110000010101011011010000110101101001001101100000001000000000000000000000000000000000000000000000000000000000000000000000000000000000000000000000000000000000000000000000000000000000000000000000000000000000000000000000000000000000000000000000000
0101111000000000000011100100101111000000010010100101111110000011000000000000000000000000000000000000000000000000000000000000000000000000000000000000000000000000000000000000000000000000000000000000000000000000000000000000000000000000000000000000000000000000
0011111000000011100000011010100110101110101010001011111011000010000000000000000000000000000000000000000000000000000000000000000000000000000000000000000000000000000000000000000000000000000000000000000000000000000000000000000000000000000000000000000000000000
1111001010000000010000000011000000010000101100010011001011100000000000000000000000000000000000000000000000000000000000000000000000000000000000000000000000000000000000000000000000000000000000000000000000000000000000000000000000000000000000000000000000000000
1001101000000011000000001101100011101000100110101011101000110011000000000000000000000000000000000000000000000000000000000000000000000000000000000000000000000000000000000000000000000000000000000000000000000000000000000000000000000000000000000000000000000000
0100111111000000000100001110110000101100100011000011111111011000000000000000000000000000000000000000000000000000000000000000000000000000000000000000000000000000000000000000000000000000000000000000000000000000000000000000000000000000000000000000000000000000
0111000111000000011000000001001001110010011000100000100111001100000000000000000000000000000000000000000000000000000000000000000000000000000000000000000000000000000000000000000000000000000000000000000000000000000000000000000000000000000000000000000000000000
0100101010111000011010000000110101101101011101010011011010111110000000000000000000000000000000000000000000000000000000000000000000000000000000000000000000000000000000000000000000000000000000000000000000000000000000000000000000000000000000000000000000000000
1000000101100100000111100000101100010000100011111110001101100111000000000000000000000000000000000000000000000000000000000000000000000000000000000000000000000000000000000000000000000000000000000000000000000000000000000000000000000000000000000000000000000000
0100001101000000000000000000010110000011110001110100001001000001000000000000000000000000000000000000000000000000000000000000000000000000000000000000000000000000000000000000000000000000000000000000000000000000000000000000000000000000000000000000000000000000
0010001101100011000000001000011111000001011001100010001111100011000000000000000000000000000000000000000000000000000000000000000000000000000000000000000000000000000000000000000000000000000000000000000000000000000000000000000000000000000000000000000000000000
1111001110110001100000001000000011100000000100000111001011110001000000000000000000000000000000000000000000000000000000000000000000000000000000000000000000000000000000000000000000000000000000000000000000000000000000000000000000000000000000000000000000000000
0000101111001001100011110100000010111111011010000100101010101001000000000000000000000000000000000000000000000000000000000000000000000000000000000000000000000000000000000000000000000000000000000000000000000000000000000000000000000000000000000000000000000000
0111111110110101101000001001000010111000111001000001111011000101000000000000000000000000000000000000000000000000000000000000000000000000000000000000000000000000000000000000000000000000000000000000000000000000000000000000000000000000000000000000000000000000
0110010111001110000100000011100000011100001001100001010111010110000000000000000000000000000000000000000000000000000000000000000000000000000000000000000000000000000000000000000000000000000000000000000000000000000000000000000000000000000000000000000000000000
0001101100000111000010000011000000001110001111110001001100011011000000000000000000000000000000000000000000000000000000000000000000000000000000000000000000000000000000000000000000000000000000000000000000000000000000000000000000000000000000000000000000000000
0000000101111101101101000011010010110111001100111000010101100011000000000000000000000000000000000000000000000000000000000000000000000000000000000000000000000000000000000000000000000000000000000000000000000000000000000000000000000000000000000000000000000000
0001110010111101010000100000011101000011100001001101101010111100000000000000000000000000000000000000000000000000000000000000000000000000000000000000000000000000000000000000000000000000000000000000000000000000000000000000000000000000000000000000000000000000
0000001010100000111011110000000001101111110000011110001110100000000000000000000000000000000000000000000000000000000000000000000000000000000000000000000000000000000000000000000000000000000000000000000000000000000000000000000000000000000000000000000000000000
1100001101010011110100010000000010010001011000000101001111010010000000000000000000000000000000000000000000000000000000000000000000000000000000000000000000000000000000000000000000000000000000000000000000000000000000000000000000000000000000000000000000000000
1000000000111011110010011000000011101001101100001010100011111010000000000000000000000000000000000000000000000000000000000000000000000000000000000000000000000000000000000000000000000000000000000000000000000000000000000000000000000000000000000000000000000000
1000000000001100000101001010000011100100101110001011110000101100000000000000000000000000000000000000000000000000000000000000000000000000000000000000000000000000000000000000000000000000000000000000000000000000000000000000000000000000000000000000000000000000
0001101111110110000010100011000000000010001111000000010111100110000000000000000000000000000000000000000000000000000000000000000000000000000000000000000000000000000000000000000000000000000000000000000000000000000000000000000000000000000000000000000000000000
1011100000001111000011011010000011111001101001101011000100010111000000000000000000000000000000000000000000000000000000000000000000000000000000000000000000000000000000000000000000000000000000000000000000000000000000000000000000000000000000000000000000000000
0001101111111101101101101011100010111000101110110001110001100001000000000000000000000000000000000000000000000000000000000000000000000000000000000000000000000000000000000000000000000000000000000000000000000000000000000000000000000000000000000000000000000000
0001111000000110011100011111100001111110111110011001110111011000000000000000000000000000000000000000000000000000000000000000000000000000000000000000000000000000000000000000000000000000000000000000000000000000000000000000000000000000000000000000000000000000
0011100110000110001100101101100000011101110110100011101001011001000000000000000000000000000000000000000000000000000000000000000000000000000000000000000000000000000000000000000000000000000000000000000000000000000000000000000000000000000000000000000000000000
0100100111000000010000000111100100011111111110110100100011100001000000000000000000000000000000000000000000000000000000000000000000000000000000000000000000000000000000000000000000000000000000000000000000000000000000000000000000000000000000000000000000000000
1101010110100011001000010001100001001001010110101001010101010010000000000000000000000000000000000000000000000000000000000000000000000000000000000000000000000000000000000000000000000000000000000000000000000000000000000000000000000000000000000000000000000000
1110111111110000101000001000110001011100111011001110111110001000000000000000000000000000000000000000000000000000000000000000000000000000000000000000000000000000000000000000000000000000000000000000000000000000000000000000000000000000000000000000000000000000
1100000111011000011000001010101010010010111110101100000111111100000000000000000000000000000000000000000000000000000000000000000000000000000000000000000000000000000000000000000000000000000000000000000000000000000000000000000000000000000000000000000000000000
1111001010111100011010001011100110011101111100011001001010110110000000000000000000000000000000000000000000000000000000000000000000000000000000000000000000000000000000000000000000000000000000000000000000000000000000000000000000000000000000000000000000000000
0111010100111110000001101010010111110000011010010001000100100011000000000000000000000000000000000000000000000000000000000000000000000000000000000000000000000000000000000000000000000000000000000000000000000000000000000000000000000000000000000000000000000000
0101100101000001000010010000101110000110110010010101101101000110000000000000000000000000000000000000000000000000000000000000000000000000000000000000000000000000000000000000000000000000000000000000000000000000000000000000000000000000000000000000000000000000
0011111001100000100011100000101001000001111010110011111101100011000000000000000000000000000000000000000000000000000000000000000000000000000000000000000000000000000000000000000000000000000000000000000000000000000000000000000000000000000000000000000000000000
1000111000110000010000000000100101101111100110000000111110110001000000000000000000000000000000000000000000000000000000000000000000000000000000000000000000000000000000000000000000000000000000000000000000000000000000000000000000000000000000000000000000000000
1110101010001011101000000000000011110000101010010010101000001011000000000000000000000000000000000000000000000000000000000000000000000000000000000000000000000000000000000000000000000000000000000000000000000000000000000000000000000000000000000000000000000000
1100111001010100001111110101000011010111111001101110111101010100000000000000000000000000000000000000000000000000000000000000000000000000000000000000000000000000000000000000000000000000000000000000000000000000000000000000000000000000000000000000000000000000
0101010110111110010010000001000001110100011011100010010110011110000000000000000000000000000000000000000000000000000000000000000000000000000000000000000000000000000000000000000000000000000000000000000000000000000000000000000000000000000000000000000000000000
0100111010111111011011000001000001111110011011110011011010111111000000000000000000000000000000000000000000000000000000000000000000000000000000000000000000000000000000000000000000000000000000000000000000000000000000000000000000000000000000000000000000000000
0100101100111001111011100000110011101011011100111011011100111001000000000000000000000000000000000000000000000000000000000000000000000000000000000000000000000000000000000000000000000000000000000000000000000000000000000000000000000000000000000000000000000000
0000001000100111010111010000101101010011100011001010000000100101000000000000000000000000000000000000000000000000000000000000000000000000000000000000000000000000000000000000000000000000000000000000000000000000000000000000000000000000000000000000000000000000
1001110110100011111000011000010111100010010001100111110010100010000000000000000000000000000000000000000000000000000000000000000000000000000000000000000000000000000000000000000000000000000000000000000000000000000000000000000000000000000000000000000000000000
1000001011010011010100000100011111010001101001100001001001010010000000000000000000000000000000000000000000000000000000000000000000000000000000000000000000000000000000000000000000000000000000000000000000000000000000000000000000000000000000000000000000000000
0100001111011001100010011010000011001001001100001110101010011000000000000000000000000000000000000000000000000000000000000000000000000000000000000000000000000000000000000000000000000000000000000000000000000000000000000000000000000000000000000000000000000000
0010001111011101101101001001000010110100101110000101111010111101000000000000000000000000000000000000000000000000000000000000000000000000000000000000000000000000000000000000000000000000000000000000000000000000000000000000000000000000000000000000000000000000
0111101110101111101110010110100010101001000111000000010011011111000000000000000000000000000000000000000000000000000000000000000000000000000000000000000000000000000000000000000000000000000000000000000000000000000000000000000000000000000000000000000000000000
1001111111010111000101011010110011101101101100101110011011001111000000000000000000000000000000000000000000000000000000000000000000000000000000000000000000000000000000000000000000000000000000000000000000000000000000000000000000000000000000000000000000000000
0001111000000001100010101011011010001010101110010001000110011101000000000000000000000000000000000000000000000000000000000000000000000000000000000000000000000000000000000000000000000000000000000000000000000000000000000000000000000000000000000000000000000000
0000000100000000011100111111011101110011111100001000011011011110000000000000000000000000000000000000000000000000000000000000000000000000000000000000000000000000000000000000000000000000000000000000000000000000000000000000000000000000000000000000000000000000
1001110010000010101000010010000010100001001000110101101110100011000000000000000000000000000000000000000000000000000000000000000000000000000000000000000000000000000000000000000000000000000000000000000000000000000000000000000000000000000000000000000000000000
1100001010000000101111111111000000111111011100010010001101110000000000000000000000000000000000000000000000000000000000000000000000000000000000000000000000000000000000000000000000000000000000000000000000000000000000000000000000000000000000000000000000000000
0110001111000000011110011110100000111001011010001111001100111001000000000000000000000000000000000000000000000000000000000000000000000000000000000000000000000000000000000000000000000000000000000000000000000000000000000000000000000000000000000000000000000000
1111000000010011110101011010010011110101110001001101100011110110000000000000000000000000000000000000000000000000000000000000000000000000000000000000000000000000000000000000000000000000000000000000000000000000000000000000000000000000000000000000000000000000
1100101111101000011010101010111010011010111111101111011111000010000000000000000000000000000000000000000000000000000000000000000000000000000000000000000000000000000000000000000000000000000000000000000000000000000000000000000000000000000000000000000000000000
1010111111010000011111110011101101110111011010111011000111111101000000000000000000000000000000000000000000000000000000000000000000000000000000000000000000000000000000000000000000000000000000000000000000000000000000000000000000000000000000000000000000000000
0011111000001110000010000010001001111100001001100011011100010001000000000000000000000000000000000000000000000000000000000000000000000000000000000000000000000000000000000000000000000000000000000000000000000000000000000000000000000000000000000000000000000000
0101100011111101001101000111100111111010011110110101111101100010000000000000000000000000000000000000000000000000000000000000000000000000000000000000000000000000000000000000000000000000000000000000000000000000000000000000000000000000000000000000000000000000
86	99	80	92	103	79	87	86	102	81	79	81	74	71	73	86	78	84	80	92	92	87	77	77	87	80	99	78	84	78	82	77	84	84	81	83	77	74	85	73	94	77	90	84	88	77	82	72	93	80	91	92	91	83	97	108	95	85	88	90	71	75	83	94	84	93	73	88	82	83	70	90	74	87	81	75	75	66	60	72	89	78	92	80	73	88	79	84	90	89	93	98	86	70	82	86	95	84	77	95	77	73	76	83	71	74	77	86	81	58	72	60	99	104	83	95	88	76	79	87	92	100	92	89	99	75	74	84	28	24	23	29	31	21	20	26	28	30	35	41	31	32	27	26	27	34	27	29	23	24	28	22	38	23	25	33	34	30	29	23	23	28	25	40	34	32	34	31	34	29	27	23	27	41	33	25	35	37	30	29	38	31	25	31	40	29	34	38	32	27	32	28	34	21	23	16	20	27	36	33	37	35	22	21	17	19	26	28	33	27	22	36	20	18	19	32	24	25	19	22	25	12	22	19	32	30	31	39	19	22	30	35	27	29	24	33	27	21	31	32	33	35	28	31	30	37	28	35	26	34	23	29	28	26	26	33	
min: 12
max: 108