00011001000100010000100000000000
00110111001100110000010000000000
01000110010001000000001000000000
11001101110011000000000100000000
00010001100100010000000010000000
00110011011100110000000001000000
01000100011001000000000000100000
11001100110111000000000000010000
00010001000110010000000000001000
00110011001101110000000000000100
01000100010001100000000000000010
11001100110011010000000000000001
10010001000100011000000000000000
01110011001100110100000000000000
01100100010001000010000000000000
11011100110011000001000000000000
10000000000000000000000000000000
01000000000000000000000000000000
00100000000000000000000000000000
00010000000000000000000000000000
00001000000000000000000000000000
00000100000000000000000000000000
00000010000000000000000000000000
00000001000000000000000000000000
00000000100000000000000000000000
00000000010000000000000000000000
00000000001000000000000000000000
00000000000100000000000000000000
00000000000010000000000000000000
00000000000001000000000000000000
00000000000000100000000000000000
00000000000000010000000000000000
